<Qucs Dataset 0.0.19>
<indep acfrequency 251>
  +1.00000000000000000000e+001
  +1.04712854805089961019e+001
  +1.09647819614318500214e+001
  +1.14815362149688287019e+001
  +1.20226443461741290264e+001
  +1.25892541179416728170e+001
  +1.31825673855640701504e+001
  +1.38038426460288476960e+001
  +1.44543977074592753240e+001
  +1.51356124843620793996e+001
  +1.58489319246111328710e+001
  +1.65958690743756065444e+001
  +1.73780082874937527038e+001
  +1.81970085860998338489e+001
  +1.90546071796324731906e+001
  +1.99526231496887938022e+001
  +2.08929613085403929063e+001
  +2.18776162394955235868e+001
  +2.29086765276777271083e+001
  +2.39883291901949036173e+001
  +2.51188643150958021977e+001
  +2.63026799189538174062e+001
  +2.75422870333816618427e+001
  +2.88403150312660550014e+001
  +3.01995172040201573793e+001
  +3.16227766016837890106e+001
  +3.31131121482591055383e+001
  +3.46736850452531655264e+001
  +3.63078054770101346094e+001
  +3.80189396320561101561e+001
  +3.98107170553497198284e+001
  +4.16869383470335392872e+001
  +4.36515832240165906342e+001
  +4.57088189614874949029e+001
  +4.78630092322638347468e+001
  +5.01187233627272306080e+001
  +5.24807460249772432803e+001
  +5.49540873857624490029e+001
  +5.75439937337156877106e+001
  +6.02559586074357724783e+001
  +6.30957344480193142999e+001
  +6.60693448007595947047e+001
  +6.91830970918936287717e+001
  +7.24435960074989964141e+001
  +7.58577575029183748256e+001
  +7.94328234724281401213e+001
  +8.31763771102670688151e+001
  +8.70963589956080568300e+001
  +9.12010839355909439519e+001
  +9.54992586021435840848e+001
  +9.99999999999999857891e+001
  +1.04712854805089961019e+002
  +1.09647819614318478898e+002
  +1.14815362149688240834e+002
  +1.20226443461741268948e+002
  +1.25892541179416696195e+002
  +1.31825673855640701504e+002
  +1.38038426460288462749e+002
  +1.44543977074592675081e+002
  +1.51356124843620790443e+002
  +1.58489319246111278972e+002
  +1.65958690743756022812e+002
  +1.73780082874937477300e+002
  +1.81970085860998324279e+002
  +1.90546071796324667957e+002
  +1.99526231496887874073e+002
  +2.08929613085403929063e+002
  +2.18776162394955179025e+002
  +2.29086765276777271083e+002
  +2.39883291901948950908e+002
  +2.51188643150958000660e+002
  +2.63026799189538110113e+002
  +2.75422870333816490529e+002
  +2.88403150312660557120e+002
  +3.01995172040201509844e+002
  +3.16227766016837904317e+002
  +3.31131121482590970118e+002
  +3.46736850452531427891e+002
  +3.63078054770101289250e+002
  +3.80189396320561058928e+002
  +3.98107170553497212495e+002
  +4.16869383470335264974e+002
  +4.36515832240165877920e+002
  +4.57088189614874863764e+002
  +4.78630092322638120095e+002
  +5.01187233627272178182e+002
  +5.24807460249772361749e+002
  +5.49540873857624205812e+002
  +5.75439937337156948161e+002
  +6.02559586074357639518e+002
  +6.30957344480193114578e+002
  +6.60693448007595634408e+002
  +6.91830970918936031921e+002
  +7.24435960074990134672e+002
  +7.58577575029183662991e+002
  +7.94328234724281287527e+002
  +8.31763771102670489199e+002
  +8.70963589956079999865e+002
  +9.12010839355909752157e+002
  +9.54992586021435727162e+002
  +9.99999999999999545253e+002
  +1.04712854805089887122e+003
  +1.09647819614318495951e+003
  +1.14815362149688257887e+003
  +1.20226443461741246210e+003
  +1.25892541179416662089e+003
  +1.31825673855640616239e+003
  +1.38038426460288496855e+003
  +1.44543977074592726240e+003
  +1.51356124843620773390e+003
  +1.58489319246111244865e+003
  +1.65958690743755937547e+003
  +1.73780082874937534143e+003
  +1.81970085860998301541e+003
  +1.90546071796324645220e+003
  +1.99526231496887817229e+003
  +2.08929613085403752848e+003
  +2.18776162394955235868e+003
  +2.29086765276777214240e+003
  +2.39883291901948905434e+003
  +2.51188643150957841499e+003
  +2.63026799189538178325e+003
  +2.75422870333816626953e+003
  +2.88403150312660500276e+003
  +3.01995172040201441632e+003
  +3.16227766016837676943e+003
  +3.31131121482591061067e+003
  +3.46736850452531552946e+003
  +3.63078054770101152826e+003
  +3.80189396320560945242e+003
  +3.98107170553496916909e+003
  +4.16869383470335287711e+003
  +4.36515832240165855183e+003
  +4.57088189614874772815e+003
  +4.78630092322638029145e+003
  +5.01187233627271871228e+003
  +5.24807460249772520910e+003
  +5.49540873857624319498e+003
  +5.75439937337156607100e+003
  +6.02559586074357321195e+003
  +6.30957344480193205527e+003
  +6.60693448007595907256e+003
  +6.91830970918936145608e+003
  +7.24435960074989543500e+003
  +7.58577575029183117294e+003
  +7.94328234724281355739e+003
  +8.31763771102670762048e+003
  +8.70963589956080068077e+003
  +9.12010839355909047299e+003
  +9.54992586021435090515e+003
  +9.99999999999999818101e+003
  +1.04712854805089918955e+004
  +1.09647819614318432286e+004
  +1.14815362149688189675e+004
  +1.20226443461741182546e+004
  +1.25892541179416693922e+004
  +1.31825673855640634429e+004
  +1.38038426460288392263e+004
  +1.44543977074592639838e+004
  +1.51356124843620800675e+004
  +1.58489319246111299435e+004
  +1.65958690743755942094e+004
  +1.73780082874937434099e+004
  +1.81970085860998151475e+004
  +1.90546071796324686147e+004
  +1.99526231496887849062e+004
  +2.08929613085403798323e+004
  +2.18776162394955099444e+004
  +2.29086765276777077815e+004
  +2.39883291901948941813e+004
  +2.51188643150957868784e+004
  +2.63026799189537996426e+004
  +2.75422870333816390485e+004
  +2.88403150312660291092e+004
  +3.01995172040201214259e+004
  +3.16227766016837449570e+004
  +3.31131121482591115637e+004
  +3.46736850452531580231e+004
  +3.63078054770101225586e+004
  +3.80189396320561063476e+004
  +3.98107170553496980574e+004
  +4.16869383470335014863e+004
  +4.36515832240165473195e+004
  +4.57088189614874499966e+004
  +4.78630092322637647158e+004
  +5.01187233627272435115e+004
  +5.24807460249772630050e+004
  +5.49540873857624392258e+004
  +5.75439937337156734429e+004
  +6.02559586074357430334e+004
  +6.30957344480192768970e+004
  +6.60693448007595434319e+004
  +6.91830970918935636291e+004
  +7.24435960074989125133e+004
  +7.58577575029182626167e+004
  +7.94328234724281501258e+004
  +8.31763771102670871187e+004
  +8.70963589956080395496e+004
  +9.12010839355909265578e+004
  +9.54992586021435272414e+004
  +9.99999999999999126885e+004
  +1.04712854805089853471e+005
  +1.09647819614318359527e+005
  +1.14815362149688095087e+005
  +1.20226443461741306237e+005
  +1.25892541179416715750e+005
  +1.31825673855640663533e+005
  +1.38038426460288406815e+005
  +1.44543977074592665303e+005
  +1.51356124843620695174e+005
  +1.58489319246111204848e+005
  +1.65958690743755869335e+005
  +1.73780082874937274028e+005
  +1.81970085860998049611e+005
  +1.90546071796324715251e+005
  +1.99526231496887921821e+005
  +2.08929613085403863806e+005
  +2.18776162394955143100e+005
  +2.29086765276777121471e+005
  +2.39883291901948803570e+005
  +2.51188643150957708713e+005
  +2.63026799189537821803e+005
  +2.75422870333816215862e+005
  +2.88403150312660611235e+005
  +3.01995172040201607160e+005
  +3.16227766016837791540e+005
  +3.31131121482590911910e+005
  +3.46736850452531361952e+005
  +3.63078054770100978203e+005
  +3.80189396320560772438e+005
  +3.98107170553496747743e+005
  +4.16869383470334811136e+005
  +4.36515832240165269468e+005
  +4.57088189614875009283e+005
  +4.78630092322638258338e+005
  +5.01187233627272071317e+005
  +5.24807460249772295356e+005
  +5.49540873857624130324e+005
  +5.75439937337156268768e+005
  +6.02559586074357037432e+005
  +6.30957344480192288756e+005
  +6.60693448007595026866e+005
  +6.91830970918936538510e+005
  +7.24435960074989823624e+005
  +7.58577575029183528386e+005
  +7.94328234724281122908e+005
  +8.31763771102670347318e+005
  +8.70963589956079842523e+005
  +9.12010839355908683501e+005
  +9.54992586021434748545e+005
  +9.99999999999998370185e+005
</indep>
<dep argH acfrequency>
  +8.99809200007080249861e+001
  +8.99800207881070122085e+001
  +8.99790791969397787398e+001
  +8.99780932299746609715e+001
  +8.99770607958204351462e+001
  +8.99759797045461766629e+001
  +8.99748476630419276034e+001
  +8.99736622700920776197e+001
  +8.99724210113076168227e+001
  +8.99711212538231563940e+001
  +8.99697602406904906047e+001
  +8.99683350850331322590e+001
  +8.99668427638894740994e+001
  +8.99652801118694469551e+001
  +8.99636438143804042511e+001
  +8.99619304006312745514e+001
  +8.99601362362538452544e+001
  +8.99582575156035630926e+001
  +8.99562902536658270947e+001
  +8.99542302776373219331e+001
  +8.99520732180668005640e+001
  +8.99498144995494186560e+001
  +8.99474493310779479316e+001
  +8.99449726958385440412e+001
  +8.99423793406026987896e+001
  +8.99396637645494223534e+001
  +8.99368202076302623027e+001
  +8.99338426383348945592e+001
  +8.99307247409068963862e+001
  +8.99274599019418872103e+001
  +8.99240411963600934087e+001
  +8.99204613727295907211e+001
  +8.99167128378702500413e+001
  +8.99127876407767701039e+001
  +8.99086774557180490319e+001
  +8.99043735646156108032e+001
  +8.98998668385291637151e+001
  +8.98951477183161102857e+001
  +8.98902061943477690420e+001
  +8.98850317852781728334e+001
  +8.98796135158336397808e+001
  +8.98739398935280462410e+001
  +8.98679988842905146385e+001
  +8.98617778869605388081e+001
  +8.98552637065529182792e+001
  +8.98484425262966226455e+001
  +8.98412998783257279456e+001
  +8.98338206130162149066e+001
  +8.98259888668663677436e+001
  +8.98177880288668148978e+001
  +8.98092007052875089812e+001
  +8.98002086828094121529e+001
  +8.97907928899233240827e+001
  +8.97809333565109710662e+001
  +8.97706091715198795100e+001
  +8.97597984386557214975e+001
  +8.97484782299940064831e+001
  +8.97366245373963380416e+001
  +8.97242122216587318917e+001
  +8.97112149592662859732e+001
  +8.96976051866467969376e+001
  +8.96833540418058277055e+001
  +8.96684313032224622475e+001
  +8.96528053258849126905e+001
  +8.96364429743195501032e+001
  +8.96193095524842249233e+001
  +8.96013687303805568263e+001
  +8.95825824672225792256e+001
  +8.95629109310234525765e+001
  +8.95423124144102331456e+001
  +8.95207432465143568834e+001
  +8.94981577007494593090e+001
  +8.94745078982853101479e+001
  +8.94497437070297110040e+001
  +8.94238126359068985494e+001
  +8.93966597242285700986e+001
  +8.93682274259264346483e+001
  +8.93384554884239179273e+001
  +8.93072808259069716996e+001
  +8.92746373867388598455e+001
  +8.92404560147711691798e+001
  +8.92046643042770313059e+001
  +8.91671864482331670843e+001
  +8.91279430796594311914e+001
  +8.90868511057274474751e+001
  +8.90438235343295900748e+001
  +8.89987692927897739992e+001
  +8.89515930384038853163e+001
  +8.89021949604657066857e+001
  +8.88504705734517301607e+001
  +8.87963105010096569458e+001
  +8.87396002504063119432e+001
  +8.86802199770730794626e+001
  +8.86180442388958624633e+001
  +8.85529417398850711152e+001
  +8.84847750628693745512e+001
  +8.84134003908570207386e+001
  +8.83386672167187754212e+001
  +8.82604180408525564872e+001
  +8.81784880565127338059e+001
  +8.80927048224975806079e+001
  +8.80028879229252112282e+001
  +8.79088486138566054251e+001
  +8.78103894565653746440e+001
  +8.77073039373104847982e+001
  +8.75993760735281057350e+001
  +8.74863800064342171936e+001
  +8.73680795801226395270e+001
  +8.72442279073494404429e+001
  +8.71145669223226235545e+001
  +8.69788269209669522297e+001
  +8.68367260893083141582e+001
  +8.66879700208289136754e+001
  +8.65322512238827101783e+001
  +8.63692486205378457953e+001
  +8.61986270385337576272e+001
  +8.60200366984091573386e+001
  +8.58331126982838839012e+001
  +8.56374744992622254358e+001
  +8.54327254149859669496e+001
  +8.52184521094980453881e+001
  +8.49942241083031007065e+001
  +8.47595933283307800821e+001
  +8.45140936334347543379e+001
  +8.42572404231070493097e+001
  +8.39885302632621204566e+001
  +8.37074405692591483330e+001
  +8.34134293527978059046e+001
  +8.31059350459491525953e+001
  +8.27843764173799172568e+001
  +8.24481525978001030808e+001
  +8.20966432338163798477e+001
  +8.17292087917024758781e+001
  +8.13451910351008962152e+001
  +8.09439137033261886245e+001
  +8.05246834197316587733e+001
  +8.00867908624840794118e+001
  +7.96295122330182465475e+001
  +7.91521110603361677249e+001
  +7.86538403820853204707e+001
  +7.81339453458695203381e+001
  +7.75916662763621616250e+001
  +7.70262422553168875083e+001
  +7.64369152622729188806e+001
  +7.58229349233624105864e+001
  +7.51835639138297295858e+001
  +7.45180840563103714658e+001
  +7.38258031511944494696e+001
  +7.31060625670941988119e+001
  +7.23582456081068841058e+001
  +7.15817866597865446465e+001
  +7.07761810971183678021e+001
  +6.99409959150187319210e+001
  +6.90758810147801654011e+001
  +6.81805810484495395940e+001
  +6.72549476876346403742e+001
  +6.62989521442633815695e+001
  +6.53126977293529762392e+001
  +6.42964321933117872732e+001
  +6.32505595496058603544e+001
  +6.21756510451765365133e+001
  +6.10724549086256871533e+001
  +5.99419044840658017392e+001
  +5.87851243479845777529e+001
  +5.76034340117405960768e+001
  +5.63983488362389948634e+001
  +5.51715778300316017635e+001
  +5.39250180685518074597e+001
  +5.26607455599845550864e+001
  +5.13810024902709443495e+001
  +5.00881809020341677297e+001
  +4.87848029941455436642e+001
  +4.74734983631315117236e+001
  +4.61569786365840641906e+001
  +4.48380100637950036457e+001
  +4.35193847220470431125e+001
  +4.22038910616448958990e+001
  +4.08942845440639572985e+001
  +3.95932591231698154388e+001
  +3.83034202796605356411e+001
  +3.70272602466879448002e+001
  +3.57671359653568217141e+001
  +3.45252501895617882610e+001
  +3.33036360285275065962e+001
  +3.21041450808422013097e+001
  +3.09284391836028582645e+001
  +2.97779856812982615111e+001
  +2.86540560164800837128e+001
  +2.75577273615910556259e+001
  +2.64898869502188141212e+001
  +2.54512387265879347353e+001
  +2.44423119129848949171e+001
  +2.34634710937111101714e+001
  +2.25149274281024176503e+001
  +2.15967506308505932111e+001
  +2.07088813920067487118e+001
  +1.98511439485370431157e+001
  +1.90232585614016755926e+001
  +1.82248536945602737092e+001
  +1.74554777332738559892e+001
  +1.67146101172656358358e+001
  +1.60016717988391654615e+001
  +1.53160349664336550290e+001
  +1.46570320001285718803e+001
  +1.40239636473383022519e+001
  +1.34161064245811925133e+001
  +1.28327192650995254297e+001
  +1.22730494426528391472e+001
  +1.17363378094373480565e+001
  +1.12218233912383169582e+001
  +1.07287473860156712391e+001
  +1.02563566135436978755e+001
  +9.80390646381959207645e+000
  +9.37066339102776346692e+000
  +8.95590699815718416232e+000
  +8.55893175513749326910e+000
  +8.17904839076555845168e+000
  +7.81558499588519683954e+000
  +7.46788787237206541647e+000
  +7.13532215955462767454e+000
  +6.81727226683681397645e+000
  +6.51314213852743151278e+000
  +6.22235537426020801632e+000
  +5.94435522592792686680e+000
  +5.67860448976770282314e+000
  +5.42458531012663325299e+000
  +5.18179890950887678258e+000
  +4.94976525775082087932e+000
  +4.72802269158483667866e+000
  +4.51612749442420380319e+000
  +4.31365344492224078721e+000
  +4.12019134171654410892e+000
  +3.93534851075351843619e+000
  +3.75874830068803023053e+000
  +3.59002957105753628397e+000
  +3.42884617722900841841e+000
  +3.27486645550155008877e+000
  +3.12777271120789324144e+000
  +2.98726071218680733210e+000
  +2.85303918958768942815e+000
  +2.72482934761165163096e+000
  +2.60236438348405707544e+000
  +2.48538901868613359980e+000
  +2.37365904224291313085e+000
  +2.26694086666687955045e+000
  +2.16501109698751648125e+000
  +2.06765611315243003077e+000
  +1.97467166596330923056e+000
  +1.88586248660640865005e+000
  +1.80104190975027189658e+000
  +1.72003151011083654787e+000
</dep>
<dep H acfrequency>
  +9.99999889105137262924e-001-j3.33008784351550540370e-004
  +9.99999878406202191705e-001-j3.48703001115483043545e-004
  +9.99999866675053472598e-001-j3.65136862975571545396e-004
  +9.99999853812105099493e-001-j3.82345228249382908074e-004
  +9.99999839708162974183e-001-j4.00364598064246025953e-004
  +9.99999824243498314225e-001-j4.19233193778694075444e-004
  +9.99999807286831354780e-001-j4.38991038052398971966e-004
  +9.99999788694216462659e-001-j4.59680039736509997873e-004
  +9.99999768307820335878e-001-j4.81344082764398068647e-004
  +9.99999745954582408558e-001-j5.04029119231290444539e-004
  +9.99999721444745581778e-001-j5.27783266860149522827e-004
  +9.99999694570245400982e-001-j5.52656911060446054233e-004
  +9.99999665102943469108e-001-j5.78702811796203775777e-004
  +9.99999632792691439676e-001-j6.05976215489880429103e-004
  +9.99999597365206938093e-001-j6.34534972199310605412e-004
  +9.99999558519745535001e-001-j6.64439658316105363073e-004
  +9.99999515926547566380e-001-j6.95753705045589637170e-004
  +9.99999469224038928239e-001-j7.28543532940593464853e-004
  +9.99999418015761420975e-001-j7.62878692774229729551e-004
  +9.99999361867007663385e-001-j7.98832013050196853253e-004
  +9.99999300301130822355e-001-j8.36479754463184416863e-004
  +9.99999232795497849935e-001-j8.75901771636658217461e-004
  +9.99999158777053698266e-001-j9.17181682480686208576e-004
  +9.99999077617456100242e-001-j9.60407045528560775020e-004
  +9.99998988627742169122e-001-j1.00566954562784026915e-003
  +9.99998891052479299546e-001-j1.05306518837906186274e-003
  +9.99998784063352963436e-001-j1.10269450373384888739e-003
  +9.99998666752135001445e-001-j1.15466275918345751168e-003
  +9.99998538122974012232e-001-j1.20908018298902255293e-003
  +9.99998397083941670260e-001-j1.26606219792593723168e-003
  +9.99998242437763584789e-001-j1.32572966603693100270e-003
  +9.99998072871656207283e-001-j1.38820914491158083938e-003
  +9.99997886946182634738e-001-j1.45363315603424061474e-003
  +9.99997683083034383245e-001-j1.52214046576771449594e-003
  +9.99997459551632772445e-001-j1.59387637956654088824e-003
  +9.99997214454439675713e-001-j1.66899305004148497053e-003
  +9.99996945710849516331e-001-j1.74764979952586607670e-003
  +9.99996651039528616778e-001-j1.83001345782467716647e-003
  +9.99996327939049911571e-001-j1.91625871585917825247e-003
  +9.99995973666659709878e-001-j2.00656849595282332083e-003
  +9.99995585214996873802e-001-j2.10113433953902596293e-003
  +9.99995159286565238332e-001-j2.20015681310750882763e-003
  +9.99994692265743778670e-001-j2.30384593324382824786e-003
  +9.99994180188097381290e-001-j2.41242161165620971897e-003
  +9.99993618706726095091e-001-j2.52611412112510634945e-003
  +9.99993003055369755749e-001-j2.64516458335404798866e-003
  +9.99992328007952346880e-001-j2.76982547974530431134e-003
  +9.99991587834225259535e-001-j2.90036118617087966542e-003
  +9.99990776251131530117e-001-j3.03704853285831832474e-003
  +9.99989886369479052952e-001-j3.18017739056191284935e-003
  +9.99988910635470351629e-001-j3.33005128424307276017e-003
  +9.99987840766593083508e-001-j3.48698803553914617182e-003
  +9.99986667681327601187e-001-j3.65132043535765444045e-003
  +9.99985381422075270130e-001-j3.82339694799304534792e-003
  +9.99983971070653732127e-001-j4.00358244822549350084e-003
  +9.99982424655643464817e-001-j4.19225899292625069081e-003
  +9.99980729050799932445e-001-j4.38982662876145294378e-003
  +9.99978869863668906603e-001-j4.59670423765620641404e-003
  +9.99976831313463043749e-001-j4.81333042175329482715e-003
  +9.99974596097163548336e-001-j5.04016442967586408841e-003
  +9.99972145242712717739e-001-j5.27768712598098658356e-003
  +9.99969457948053697116e-001-j5.52640200577120786762e-003
  +9.99966511404654312400e-001-j5.78683625651356826208e-003
  +9.99963280604021398368e-001-j6.05954186920076246642e-003
  +9.99959738125566488520e-001-j6.34509680107609753963e-003
  +9.99955853904028524326e-001-j6.64410619223351241180e-003
  +9.99951594974486046574e-001-j6.95720363849503930370e-003
  +9.99946925192801039373e-001-j7.28505252306121779682e-003
  +9.99941804929133315483e-001-j7.62834740952436900913e-003
  +9.99936190731932406095e-001-j7.98781549892995518247e-003
  +9.99930034959571001352e-001-j8.36421815366743606757e-003
  +9.99923285376508763633e-001-j8.75835249106777895267e-003
  +9.99915884710578017902e-001-j9.17105304968038152758e-003
  +9.99907770167658527249e-001-j9.60319353129580020878e-003
  +9.99898872899649515666e-001-j1.00556886218723055132e-002
  +9.99889117421259077112e-001-j1.05294958946122885896e-002
  +9.99878420970700676484e-001-j1.10256177985174480538e-002
  +9.99866692808921708746e-001-j1.15451037358287808554e-002
  +9.99853833451476270433e-001-j1.20890522318255876771e-002
  +9.99839733826593413113e-001-j1.26586132005161808994e-002
  +9.99824274352383968179e-001-j1.32549903097984398542e-002
  +9.99807323925456903346e-001-j1.38794434496978119631e-002
  +9.99788738812487753904e-001-j1.45332913073015698724e-002
  +9.99768361435481534016e-001-j1.52179140519955301974e-002
  +9.99746019040604005923e-001-j1.59347561345701965729e-002
  +9.99721522239501392271e-001-j1.66853292036908996965e-002
  +9.99694663410990336239e-001-j1.74712151431158091430e-002
  +9.99665214949872482642e-001-j1.82940692328893636520e-002
  +9.99632927348388045097e-001-j1.91556234375285378002e-002
  +9.99597527094486681953e-001-j2.00576898239467234231e-002
  +9.99558714369625400664e-001-j2.10021641115141592671e-002
  +9.99516160527218366916e-001-j2.19910293562214191609e-002
  +9.99469505331131213843e-001-j2.30263597703820183105e-002
  +9.99418353931740721663e-001-j2.41103246786626077003e-002
  +9.99362273555042701645e-001-j2.52451926104486495950e-002
  +9.99300789878089790186e-001-j2.64333355276175629989e-002
  +9.99233383061655544566e-001-j2.76772331856756370616e-002
  +9.99159483408447623987e-001-j2.89794776248939109364e-002
  +9.99078466612413507164e-001-j3.03427777865179701400e-002
  +9.98989648561696808038e-001-j3.17699642472930518511e-002
  +9.98892279654586601190e-001-j3.32639940633983402507e-002
  +9.98785538584366805459e-001-j3.48279557123746599800e-002
  +9.98668525545293506163e-001-j3.64650741187088484052e-002
  +9.98540254808010785403e-001-j3.81787157453426576059e-002
  +9.98399646608561064376e-001-j3.99723937294405862186e-002
  +9.98245518290750477597e-001-j4.18497730361995848303e-002
  +9.98076574637006941337e-001-j4.38146755992331743412e-002
  +9.97891397318036887931e-001-j4.58710854100133208489e-002
  +9.97688433386564210714e-001-j4.80231535118996050171e-002
  +9.97465982735264655723e-001-j5.02752028463077926812e-002
  +9.97222184433735447939e-001-j5.26317328894308628096e-002
  +9.96955001854030631314e-001-j5.50974240074836377201e-002
  +9.96662206489035584767e-001-j5.76771414465262546867e-002
  +9.96341360362856587329e-001-j6.03759388593583037896e-002
  +9.95989796927606918509e-001-j6.31990612565665327294e-002
  +9.95604600336655209958e-001-j6.61519472513414502624e-002
  +9.95182582980780550130e-001-j6.92402304479291519357e-002
  +9.94720261171028408143e-001-j7.24697398013088717184e-002
  +9.94213828850700864770e-001-j7.58464987506352467106e-002
  +9.93659129219255921051e-001-j7.93767229008980612637e-002
  +9.93051624153403089679e-001-j8.30668159958676544097e-002
  +9.92386361315954368401e-001-j8.69233638904662458957e-002
  +9.91657938851701947769e-001-j9.09531261919901412583e-002
  +9.90860467582561965649e-001-j9.51630251969149132396e-002
  +9.89987530632407075615e-001-j9.95601317031871990704e-002
  +9.89032140436522544391e-001-j1.04151647226884233599e-001
  +9.87986693122757220209e-001-j1.08944882096939199556e-001
  +9.86842920292694714135e-001-j1.13947228842481915190e-001
  +9.85591838283231047591e-001-j1.19166130224625591016e-001
  +9.84223695053737079874e-001-j1.24609041198885259205e-001
  +9.82727914923628764754e-001-j1.30283384026842891101e-001
  +9.81093041482024363908e-001-j1.36196495687573471134e-001
  +9.79306679107757815927e-001-j1.42355566672655670102e-001
  +9.77355433677032925388e-001-j1.48767570185883768463e-001
  +9.75224853200189922831e-001-j1.55439180713415753265e-001
  +9.72899369321151841206e-001-j1.62376680886317042996e-001
  +9.70362240835660916360e-001-j1.69585855530629936450e-001
  +9.67595500639577110746e-001-j1.77071871796802421395e-001
  +9.64579907807777248152e-001-j1.84839144288533291371e-001
  +9.61294906828067285964e-001-j1.92891184180316227481e-001
  +9.57718596372002184403e-001-j2.01230431434323842055e-001
  +9.53827710372611714540e-001-j2.09858069413479703114e-001
  +9.49597614592083139051e-001-j2.18773821452907551999e-001
  +9.45002322291335961069e-001-j2.27975729311955366274e-001
  +9.40014533044733036071e-001-j2.37459913900063462888e-001
  +9.34605699158293279361e-001-j2.47220319268321941930e-001
  +9.28746124523957106156e-001-j2.57248441600114452488e-001
  +9.22405101044002306843e-001-j2.67533045831736870923e-001
  +9.15551087949357467188e-001-j2.78059873595787654388e-001
  +9.08151939366189986380e-001-j2.88811347407988749936e-001
  +9.00175185302223179740e-001-j2.99766277403465286611e-001
  +8.91588370766921656241e-001-j3.10899578449549962578e-001
  +8.82359456943224929049e-001-j3.22182007079976684416e-001
  +8.72457287128006298005e-001-j3.33579929350142301292e-001
  +8.61852118494210284183e-001-j3.45055132321274160567e-001
  +8.50516218552567204725e-001-j3.56564693332933502212e-001
  +8.38424522479297662514e-001-j3.68060922381960198280e-001
  +8.25555344234759513888e-001-j3.79491393631248508100e-001
  +8.11891130676365535557e-001-j3.90799082145056098092e-001
  +7.97419243771334662618e-001-j4.01922621202747687441e-001
  +7.82132751708260243184e-001-j4.12796693801591840778e-001
  +7.66031205426476957676e-001-j4.23352569071377693444e-001
  +7.49121373131041767834e-001-j4.33518790191733505157e-001
  +7.31417902097694749841e-001-j4.43222015009071712566e-001
  +7.12943874891692086493e-001-j4.52388003981218922434e-001
  +6.93731226426890890124e-001-j4.60942742547415240661e-001
  +6.73820989439773088137e-001-j4.68813676880462049112e-001
  +6.53263339224141925676e-001-j4.75931033711677220488e-001
  +6.32117414005672895172e-001-j4.82229187126260172569e-001
  +6.10450895088456735316e-001-j4.87648028576101955078e-001
  +5.88339340620411044291e-001-j4.92134291529000234000e-001
  +5.65865278018584105801e-001-j4.95642779783519726866e-001
  +5.43117072080046003890e-001-j4.98137448999012855122e-001
  +5.20187597732576945120e-001-j4.99592294674154946410e-001
  +4.97172757324345404584e-001-j4.99992006634959074152e-001
  +4.74169891401999110681e-001-j4.99332359746307130610e-001
  +4.51276138291338002606e-001-j4.97620322434881245943e-001
  +4.28586800899828479494e-001-j4.94873877866148115245e-001
  +4.06193778720432774332e-001-j4.91121566263637898686e-001
  +3.84184119072234375736e-001-j4.86401769862040700421e-001
  +3.62638734526104067335e-001-j4.80761773384084545313e-001
  +3.41631323868522296383e-001-j4.74256641935949185829e-001
  +3.21227522683368849066e-001-j4.66947964289464056975e-001
  +3.01484297604853679342e-001-j4.58902512416920316252e-001
  +2.82449586430767840550e-001-j4.50190867916993697762e-001
  +2.64162175397919030129e-001-j4.40886062931181876845e-001
  +2.46651795652526595326e-001-j4.31062277813671457238e-001
  +2.29939413725187113968e-001-j4.20793630822644870726e-001
  +2.14037685845893110859e-001-j4.10153087131656102216e-001
  +1.98951543203879283039e-001-j3.99211506172698182837e-001
  +1.84678874591868574795e-001-j3.88036838291610453044e-001
  +1.71211273971818872530e-001-j3.76693474375075498806e-001
  +1.58534822983191159285e-001-j3.65241745813480900296e-001
  +1.46630881882756941570e-001-j3.53737567076274683764e-001
  +1.35476866468219103723e-001-j3.42232209355243843785e-001
  +1.25046992849961485783e-001-j3.30772191136351700891e-001
  +1.15312976209710982278e-001-j3.19399270079581742987e-001
  +1.06244673703216038763e-001-j3.08150520059455979016e-001
  +9.78106652751548066860e-002-j2.97058477464600290130e-001
  +8.99787692685336398801e-002-j2.86151341687320481810e-001
  +8.27164922897786203393e-002-j2.75453215978782139928e-001
  +7.59914148369607439504e-002-j2.64984376347055017309e-001
  +6.97715157439521560523e-002-j2.54761557804044691533e-001
  +6.40254395887585453506e-002-j2.44798248919849859018e-001
  +5.87227119213594925262e-002-j2.35104987241786328456e-001
  +5.38339075504229644387e-002-j2.25689649625930965904e-001
  +4.93307772533136471016e-002-j2.16557732877165093344e-001
  +4.51863381993583348994e-002-j2.07712621281162274078e-001
  +4.13749331551372112603e-002-j1.99155838632828291468e-001
  +3.78722632178470075548e-002-j1.90887283223909715035e-001
  +3.46553984358869346383e-002-j1.82905444957597862476e-001
  +3.17027702546818224150e-002-j1.75207604323729865259e-001
  +2.89941492935326707026e-002-j1.67790013410444083242e-001
  +2.65106115332277153529e-002-j1.60648059463418396708e-001
  +2.42344955865237653148e-002-j1.53776411748325458895e-001
  +2.21493533426131289366e-002-j1.47169152641160511097e-001
  +2.02398959272703619916e-002-j1.40819893978527149736e-001
  +1.84919366049768572891e-002-j1.34721879758168350261e-001
  +1.68923319685154171843e-002-j1.28868076299682887687e-001
  +1.54289225145487103596e-002-j1.23251250965613984301e-001
  +1.40904734888474061916e-002-j1.17864040511546586121e-001
  +1.28666166998382524439e-002-j1.12699010086769149663e-001
  +1.17477938413918236993e-002-j1.07748703849521926257e-001
  +1.07252017325163723910e-002-j1.03005688096887149108e-001
  +9.79073977012309866474e-003-j9.84625877421309025905e-002
  +8.93695979862735301325e-003-j9.41121169041748417694e-002
  +8.15701852436187015150e-003-j8.99471043066706332780e-002
  +7.44463254130227954780e-003-j8.59605141191422950087e-002
  +6.79403598536627330307e-003-j8.21454628107713691332e-002
  +6.19994079568289904736e-003-j7.84952325291983915578e-002
  +5.65749953109340782825e-003-j7.50032814625405941378e-002
  +5.16227066730028973096e-003-j7.16632515928339736133e-002
  +4.71018628327612726842e-003-j6.84689742033058740267e-002
  +4.29752203370319628417e-003-j6.54144734601833505172e-002
  +3.92086929641773194316e-003-j6.24939683519789082600e-002
  +3.57710937929818463196e-003-j5.97018732351567160688e-002
  +3.26338966910623765050e-003-j5.70327972045366893283e-002
  +2.97710160490852280418e-003-j5.44815424794725666757e-002
  +2.71586036041692379869e-003-j5.20431019724962168338e-002
  +2.47748612250372340915e-003-j4.97126561854878620816e-002
  +2.25998685696136847323e-003-j4.74855695592643206604e-002
  +2.06154245702896456172e-003-j4.53573863855362760522e-002
  +1.88049017509134687269e-003-j4.33238263752491262193e-002
  +1.71531124310460476867e-003-j4.13807799641800339030e-002
  +1.56461859258165717976e-003-j3.95243034251257230327e-002
  +1.42714559027883286339e-003-j3.77506138459095877402e-002
  +1.30173571097770101983e-003-j3.60560840235939414344e-002
  +1.18733307389504746769e-003-j3.44372373175706736337e-002
  +1.08297377423132975063e-003-j3.28907424974818271557e-002
  +9.87777946151605426572e-004-j3.14134086160782963204e-002
  +9.00942498060172268677e-004-j3.00021799320542917333e-002
</dep>
<dep Pr1.v acfrequency>
  +1.00000000000000000000e+000
  +1.00000000000000000000e+000
  +1.00000000000000000000e+000
  +1.00000000000000000000e+000
  +1.00000000000000000000e+000
  +1.00000000000000000000e+000
  +1.00000000000000000000e+000
  +1.00000000000000000000e+000
  +1.00000000000000000000e+000
  +1.00000000000000000000e+000
  +1.00000000000000000000e+000
  +1.00000000000000000000e+000
  +1.00000000000000000000e+000
  +1.00000000000000000000e+000
  +1.00000000000000000000e+000
  +1.00000000000000000000e+000
  +1.00000000000000000000e+000
  +1.00000000000000000000e+000
  +1.00000000000000000000e+000
  +1.00000000000000000000e+000
  +1.00000000000000000000e+000
  +1.00000000000000000000e+000
  +1.00000000000000000000e+000
  +1.00000000000000000000e+000
  +1.00000000000000000000e+000
  +1.00000000000000000000e+000
  +1.00000000000000000000e+000
  +1.00000000000000000000e+000
  +1.00000000000000000000e+000
  +1.00000000000000000000e+000
  +1.00000000000000000000e+000
  +1.00000000000000000000e+000
  +1.00000000000000000000e+000
  +1.00000000000000000000e+000
  +1.00000000000000000000e+000
  +1.00000000000000000000e+000
  +1.00000000000000000000e+000
  +1.00000000000000000000e+000
  +1.00000000000000000000e+000
  +1.00000000000000000000e+000
  +1.00000000000000000000e+000
  +1.00000000000000000000e+000
  +1.00000000000000000000e+000
  +1.00000000000000000000e+000
  +1.00000000000000000000e+000
  +1.00000000000000000000e+000
  +1.00000000000000000000e+000
  +1.00000000000000000000e+000
  +1.00000000000000000000e+000
  +1.00000000000000000000e+000
  +1.00000000000000000000e+000
  +1.00000000000000000000e+000
  +1.00000000000000000000e+000
  +1.00000000000000000000e+000
  +1.00000000000000000000e+000
  +1.00000000000000000000e+000
  +1.00000000000000000000e+000
  +1.00000000000000000000e+000
  +1.00000000000000000000e+000
  +1.00000000000000000000e+000
  +1.00000000000000000000e+000
  +1.00000000000000000000e+000
  +1.00000000000000000000e+000
  +1.00000000000000000000e+000
  +1.00000000000000000000e+000
  +1.00000000000000000000e+000
  +1.00000000000000000000e+000
  +1.00000000000000000000e+000
  +1.00000000000000000000e+000
  +1.00000000000000000000e+000
  +1.00000000000000000000e+000
  +1.00000000000000000000e+000
  +1.00000000000000000000e+000
  +1.00000000000000000000e+000
  +1.00000000000000000000e+000
  +1.00000000000000000000e+000
  +1.00000000000000000000e+000
  +1.00000000000000000000e+000
  +1.00000000000000000000e+000
  +1.00000000000000000000e+000
  +1.00000000000000000000e+000
  +1.00000000000000000000e+000
  +1.00000000000000000000e+000
  +1.00000000000000000000e+000
  +1.00000000000000000000e+000
  +1.00000000000000000000e+000
  +1.00000000000000000000e+000
  +1.00000000000000000000e+000
  +1.00000000000000000000e+000
  +1.00000000000000000000e+000
  +1.00000000000000000000e+000
  +1.00000000000000000000e+000
  +1.00000000000000000000e+000
  +1.00000000000000000000e+000
  +1.00000000000000000000e+000
  +1.00000000000000000000e+000
  +1.00000000000000000000e+000
  +1.00000000000000000000e+000
  +1.00000000000000000000e+000
  +1.00000000000000000000e+000
  +1.00000000000000000000e+000
  +1.00000000000000000000e+000
  +1.00000000000000000000e+000
  +1.00000000000000000000e+000
  +1.00000000000000000000e+000
  +1.00000000000000000000e+000
  +1.00000000000000000000e+000
  +1.00000000000000000000e+000
  +1.00000000000000000000e+000
  +1.00000000000000000000e+000
  +1.00000000000000000000e+000
  +1.00000000000000000000e+000
  +1.00000000000000000000e+000
  +1.00000000000000000000e+000
  +1.00000000000000000000e+000
  +1.00000000000000000000e+000
  +1.00000000000000000000e+000
  +1.00000000000000000000e+000
  +1.00000000000000000000e+000
  +1.00000000000000000000e+000
  +1.00000000000000000000e+000
  +1.00000000000000000000e+000
  +1.00000000000000000000e+000
  +1.00000000000000000000e+000
  +1.00000000000000000000e+000
  +1.00000000000000000000e+000
  +1.00000000000000000000e+000
  +1.00000000000000000000e+000
  +1.00000000000000000000e+000
  +1.00000000000000000000e+000
  +1.00000000000000000000e+000
  +1.00000000000000000000e+000
  +1.00000000000000000000e+000
  +1.00000000000000000000e+000
  +1.00000000000000000000e+000
  +1.00000000000000000000e+000
  +1.00000000000000000000e+000
  +1.00000000000000000000e+000
  +1.00000000000000000000e+000
  +1.00000000000000000000e+000
  +1.00000000000000000000e+000
  +1.00000000000000000000e+000
  +1.00000000000000000000e+000
  +1.00000000000000000000e+000
  +1.00000000000000000000e+000
  +1.00000000000000000000e+000
  +1.00000000000000000000e+000
  +1.00000000000000000000e+000
  +1.00000000000000000000e+000
  +1.00000000000000000000e+000
  +1.00000000000000000000e+000
  +1.00000000000000000000e+000
  +1.00000000000000000000e+000
  +1.00000000000000000000e+000
  +1.00000000000000000000e+000
  +1.00000000000000000000e+000
  +1.00000000000000000000e+000
  +1.00000000000000000000e+000
  +1.00000000000000000000e+000
  +1.00000000000000000000e+000
  +1.00000000000000000000e+000
  +1.00000000000000000000e+000
  +1.00000000000000000000e+000
  +1.00000000000000000000e+000
  +1.00000000000000000000e+000
  +1.00000000000000000000e+000
  +1.00000000000000000000e+000
  +1.00000000000000000000e+000
  +1.00000000000000000000e+000
  +1.00000000000000000000e+000
  +1.00000000000000000000e+000
  +1.00000000000000000000e+000
  +1.00000000000000000000e+000
  +1.00000000000000000000e+000
  +1.00000000000000000000e+000
  +1.00000000000000000000e+000
  +1.00000000000000000000e+000
  +1.00000000000000000000e+000
  +1.00000000000000000000e+000
  +1.00000000000000000000e+000
  +1.00000000000000000000e+000
  +1.00000000000000000000e+000
  +1.00000000000000000000e+000
  +1.00000000000000000000e+000
  +1.00000000000000000000e+000
  +1.00000000000000000000e+000
  +1.00000000000000000000e+000
  +1.00000000000000000000e+000
  +1.00000000000000000000e+000
  +1.00000000000000000000e+000
  +1.00000000000000000000e+000
  +1.00000000000000000000e+000
  +1.00000000000000000000e+000
  +1.00000000000000000000e+000
  +1.00000000000000000000e+000
  +1.00000000000000000000e+000
  +1.00000000000000000000e+000
  +1.00000000000000000000e+000
  +1.00000000000000000000e+000
  +1.00000000000000000000e+000
  +1.00000000000000000000e+000
  +1.00000000000000000000e+000
  +1.00000000000000000000e+000
  +1.00000000000000000000e+000
  +1.00000000000000000000e+000
  +1.00000000000000000000e+000
  +1.00000000000000000000e+000
  +1.00000000000000000000e+000
  +1.00000000000000000000e+000
  +1.00000000000000000000e+000
  +1.00000000000000000000e+000
  +1.00000000000000000000e+000
  +1.00000000000000000000e+000
  +1.00000000000000000000e+000
  +1.00000000000000000000e+000
  +1.00000000000000000000e+000
  +1.00000000000000000000e+000
  +1.00000000000000000000e+000
  +1.00000000000000000000e+000
  +1.00000000000000000000e+000
  +1.00000000000000000000e+000
  +1.00000000000000000000e+000
  +1.00000000000000000000e+000
  +1.00000000000000000000e+000
  +1.00000000000000000000e+000
  +1.00000000000000000000e+000
  +1.00000000000000000000e+000
  +1.00000000000000000000e+000
  +1.00000000000000000000e+000
  +1.00000000000000000000e+000
  +1.00000000000000000000e+000
  +1.00000000000000000000e+000
  +1.00000000000000000000e+000
  +1.00000000000000000000e+000
  +1.00000000000000000000e+000
  +1.00000000000000000000e+000
  +1.00000000000000000000e+000
  +1.00000000000000000000e+000
  +1.00000000000000000000e+000
  +1.00000000000000000000e+000
  +1.00000000000000000000e+000
  +1.00000000000000000000e+000
  +1.00000000000000000000e+000
  +1.00000000000000000000e+000
  +1.00000000000000000000e+000
  +1.00000000000000000000e+000
  +1.00000000000000000000e+000
  +1.00000000000000000000e+000
  +1.00000000000000000000e+000
  +1.00000000000000000000e+000
  +1.00000000000000000000e+000
</dep>
<dep Pr2.v acfrequency>
  +9.99999889105137262924e-001-j3.33008784351550540370e-004
  +9.99999878406202191705e-001-j3.48703001115483043545e-004
  +9.99999866675053472598e-001-j3.65136862975571545396e-004
  +9.99999853812105099493e-001-j3.82345228249382908074e-004
  +9.99999839708162974183e-001-j4.00364598064246025953e-004
  +9.99999824243498314225e-001-j4.19233193778694075444e-004
  +9.99999807286831354780e-001-j4.38991038052398971966e-004
  +9.99999788694216462659e-001-j4.59680039736509997873e-004
  +9.99999768307820335878e-001-j4.81344082764398068647e-004
  +9.99999745954582408558e-001-j5.04029119231290444539e-004
  +9.99999721444745581778e-001-j5.27783266860149522827e-004
  +9.99999694570245400982e-001-j5.52656911060446054233e-004
  +9.99999665102943469108e-001-j5.78702811796203775777e-004
  +9.99999632792691439676e-001-j6.05976215489880429103e-004
  +9.99999597365206938093e-001-j6.34534972199310605412e-004
  +9.99999558519745535001e-001-j6.64439658316105363073e-004
  +9.99999515926547566380e-001-j6.95753705045589637170e-004
  +9.99999469224038928239e-001-j7.28543532940593464853e-004
  +9.99999418015761420975e-001-j7.62878692774229729551e-004
  +9.99999361867007663385e-001-j7.98832013050196853253e-004
  +9.99999300301130822355e-001-j8.36479754463184416863e-004
  +9.99999232795497849935e-001-j8.75901771636658217461e-004
  +9.99999158777053698266e-001-j9.17181682480686208576e-004
  +9.99999077617456100242e-001-j9.60407045528560775020e-004
  +9.99998988627742169122e-001-j1.00566954562784026915e-003
  +9.99998891052479299546e-001-j1.05306518837906186274e-003
  +9.99998784063352963436e-001-j1.10269450373384888739e-003
  +9.99998666752135001445e-001-j1.15466275918345751168e-003
  +9.99998538122974012232e-001-j1.20908018298902255293e-003
  +9.99998397083941670260e-001-j1.26606219792593723168e-003
  +9.99998242437763584789e-001-j1.32572966603693100270e-003
  +9.99998072871656207283e-001-j1.38820914491158083938e-003
  +9.99997886946182634738e-001-j1.45363315603424061474e-003
  +9.99997683083034383245e-001-j1.52214046576771449594e-003
  +9.99997459551632772445e-001-j1.59387637956654088824e-003
  +9.99997214454439675713e-001-j1.66899305004148497053e-003
  +9.99996945710849516331e-001-j1.74764979952586607670e-003
  +9.99996651039528616778e-001-j1.83001345782467716647e-003
  +9.99996327939049911571e-001-j1.91625871585917825247e-003
  +9.99995973666659709878e-001-j2.00656849595282332083e-003
  +9.99995585214996873802e-001-j2.10113433953902596293e-003
  +9.99995159286565238332e-001-j2.20015681310750882763e-003
  +9.99994692265743778670e-001-j2.30384593324382824786e-003
  +9.99994180188097381290e-001-j2.41242161165620971897e-003
  +9.99993618706726095091e-001-j2.52611412112510634945e-003
  +9.99993003055369755749e-001-j2.64516458335404798866e-003
  +9.99992328007952346880e-001-j2.76982547974530431134e-003
  +9.99991587834225259535e-001-j2.90036118617087966542e-003
  +9.99990776251131530117e-001-j3.03704853285831832474e-003
  +9.99989886369479052952e-001-j3.18017739056191284935e-003
  +9.99988910635470351629e-001-j3.33005128424307276017e-003
  +9.99987840766593083508e-001-j3.48698803553914617182e-003
  +9.99986667681327601187e-001-j3.65132043535765444045e-003
  +9.99985381422075270130e-001-j3.82339694799304534792e-003
  +9.99983971070653732127e-001-j4.00358244822549350084e-003
  +9.99982424655643464817e-001-j4.19225899292625069081e-003
  +9.99980729050799932445e-001-j4.38982662876145294378e-003
  +9.99978869863668906603e-001-j4.59670423765620641404e-003
  +9.99976831313463043749e-001-j4.81333042175329482715e-003
  +9.99974596097163548336e-001-j5.04016442967586408841e-003
  +9.99972145242712717739e-001-j5.27768712598098658356e-003
  +9.99969457948053697116e-001-j5.52640200577120786762e-003
  +9.99966511404654312400e-001-j5.78683625651356826208e-003
  +9.99963280604021398368e-001-j6.05954186920076246642e-003
  +9.99959738125566488520e-001-j6.34509680107609753963e-003
  +9.99955853904028524326e-001-j6.64410619223351241180e-003
  +9.99951594974486046574e-001-j6.95720363849503930370e-003
  +9.99946925192801039373e-001-j7.28505252306121779682e-003
  +9.99941804929133315483e-001-j7.62834740952436900913e-003
  +9.99936190731932406095e-001-j7.98781549892995518247e-003
  +9.99930034959571001352e-001-j8.36421815366743606757e-003
  +9.99923285376508763633e-001-j8.75835249106777895267e-003
  +9.99915884710578017902e-001-j9.17105304968038152758e-003
  +9.99907770167658527249e-001-j9.60319353129580020878e-003
  +9.99898872899649515666e-001-j1.00556886218723055132e-002
  +9.99889117421259077112e-001-j1.05294958946122885896e-002
  +9.99878420970700676484e-001-j1.10256177985174480538e-002
  +9.99866692808921708746e-001-j1.15451037358287808554e-002
  +9.99853833451476270433e-001-j1.20890522318255876771e-002
  +9.99839733826593413113e-001-j1.26586132005161808994e-002
  +9.99824274352383968179e-001-j1.32549903097984398542e-002
  +9.99807323925456903346e-001-j1.38794434496978119631e-002
  +9.99788738812487753904e-001-j1.45332913073015698724e-002
  +9.99768361435481534016e-001-j1.52179140519955301974e-002
  +9.99746019040604005923e-001-j1.59347561345701965729e-002
  +9.99721522239501392271e-001-j1.66853292036908996965e-002
  +9.99694663410990336239e-001-j1.74712151431158091430e-002
  +9.99665214949872482642e-001-j1.82940692328893636520e-002
  +9.99632927348388045097e-001-j1.91556234375285378002e-002
  +9.99597527094486681953e-001-j2.00576898239467234231e-002
  +9.99558714369625400664e-001-j2.10021641115141592671e-002
  +9.99516160527218366916e-001-j2.19910293562214191609e-002
  +9.99469505331131213843e-001-j2.30263597703820183105e-002
  +9.99418353931740721663e-001-j2.41103246786626077003e-002
  +9.99362273555042701645e-001-j2.52451926104486495950e-002
  +9.99300789878089790186e-001-j2.64333355276175629989e-002
  +9.99233383061655544566e-001-j2.76772331856756370616e-002
  +9.99159483408447623987e-001-j2.89794776248939109364e-002
  +9.99078466612413507164e-001-j3.03427777865179701400e-002
  +9.98989648561696808038e-001-j3.17699642472930518511e-002
  +9.98892279654586601190e-001-j3.32639940633983402507e-002
  +9.98785538584366805459e-001-j3.48279557123746599800e-002
  +9.98668525545293506163e-001-j3.64650741187088484052e-002
  +9.98540254808010785403e-001-j3.81787157453426576059e-002
  +9.98399646608561064376e-001-j3.99723937294405862186e-002
  +9.98245518290750477597e-001-j4.18497730361995848303e-002
  +9.98076574637006941337e-001-j4.38146755992331743412e-002
  +9.97891397318036887931e-001-j4.58710854100133208489e-002
  +9.97688433386564210714e-001-j4.80231535118996050171e-002
  +9.97465982735264655723e-001-j5.02752028463077926812e-002
  +9.97222184433735447939e-001-j5.26317328894308628096e-002
  +9.96955001854030631314e-001-j5.50974240074836377201e-002
  +9.96662206489035584767e-001-j5.76771414465262546867e-002
  +9.96341360362856587329e-001-j6.03759388593583037896e-002
  +9.95989796927606918509e-001-j6.31990612565665327294e-002
  +9.95604600336655209958e-001-j6.61519472513414502624e-002
  +9.95182582980780550130e-001-j6.92402304479291519357e-002
  +9.94720261171028408143e-001-j7.24697398013088717184e-002
  +9.94213828850700864770e-001-j7.58464987506352467106e-002
  +9.93659129219255921051e-001-j7.93767229008980612637e-002
  +9.93051624153403089679e-001-j8.30668159958676544097e-002
  +9.92386361315954368401e-001-j8.69233638904662458957e-002
  +9.91657938851701947769e-001-j9.09531261919901412583e-002
  +9.90860467582561965649e-001-j9.51630251969149132396e-002
  +9.89987530632407075615e-001-j9.95601317031871990704e-002
  +9.89032140436522544391e-001-j1.04151647226884233599e-001
  +9.87986693122757220209e-001-j1.08944882096939199556e-001
  +9.86842920292694714135e-001-j1.13947228842481915190e-001
  +9.85591838283231047591e-001-j1.19166130224625591016e-001
  +9.84223695053737079874e-001-j1.24609041198885259205e-001
  +9.82727914923628764754e-001-j1.30283384026842891101e-001
  +9.81093041482024363908e-001-j1.36196495687573471134e-001
  +9.79306679107757815927e-001-j1.42355566672655670102e-001
  +9.77355433677032925388e-001-j1.48767570185883768463e-001
  +9.75224853200189922831e-001-j1.55439180713415753265e-001
  +9.72899369321151841206e-001-j1.62376680886317042996e-001
  +9.70362240835660916360e-001-j1.69585855530629936450e-001
  +9.67595500639577110746e-001-j1.77071871796802421395e-001
  +9.64579907807777248152e-001-j1.84839144288533291371e-001
  +9.61294906828067285964e-001-j1.92891184180316227481e-001
  +9.57718596372002184403e-001-j2.01230431434323842055e-001
  +9.53827710372611714540e-001-j2.09858069413479703114e-001
  +9.49597614592083139051e-001-j2.18773821452907551999e-001
  +9.45002322291335961069e-001-j2.27975729311955366274e-001
  +9.40014533044733036071e-001-j2.37459913900063462888e-001
  +9.34605699158293279361e-001-j2.47220319268321941930e-001
  +9.28746124523957106156e-001-j2.57248441600114452488e-001
  +9.22405101044002306843e-001-j2.67533045831736870923e-001
  +9.15551087949357467188e-001-j2.78059873595787654388e-001
  +9.08151939366189986380e-001-j2.88811347407988749936e-001
  +9.00175185302223179740e-001-j2.99766277403465286611e-001
  +8.91588370766921656241e-001-j3.10899578449549962578e-001
  +8.82359456943224929049e-001-j3.22182007079976684416e-001
  +8.72457287128006298005e-001-j3.33579929350142301292e-001
  +8.61852118494210284183e-001-j3.45055132321274160567e-001
  +8.50516218552567204725e-001-j3.56564693332933502212e-001
  +8.38424522479297662514e-001-j3.68060922381960198280e-001
  +8.25555344234759513888e-001-j3.79491393631248508100e-001
  +8.11891130676365535557e-001-j3.90799082145056098092e-001
  +7.97419243771334662618e-001-j4.01922621202747687441e-001
  +7.82132751708260243184e-001-j4.12796693801591840778e-001
  +7.66031205426476957676e-001-j4.23352569071377693444e-001
  +7.49121373131041767834e-001-j4.33518790191733505157e-001
  +7.31417902097694749841e-001-j4.43222015009071712566e-001
  +7.12943874891692086493e-001-j4.52388003981218922434e-001
  +6.93731226426890890124e-001-j4.60942742547415240661e-001
  +6.73820989439773088137e-001-j4.68813676880462049112e-001
  +6.53263339224141925676e-001-j4.75931033711677220488e-001
  +6.32117414005672895172e-001-j4.82229187126260172569e-001
  +6.10450895088456735316e-001-j4.87648028576101955078e-001
  +5.88339340620411044291e-001-j4.92134291529000234000e-001
  +5.65865278018584105801e-001-j4.95642779783519726866e-001
  +5.43117072080046003890e-001-j4.98137448999012855122e-001
  +5.20187597732576945120e-001-j4.99592294674154946410e-001
  +4.97172757324345404584e-001-j4.99992006634959074152e-001
  +4.74169891401999110681e-001-j4.99332359746307130610e-001
  +4.51276138291338002606e-001-j4.97620322434881245943e-001
  +4.28586800899828479494e-001-j4.94873877866148115245e-001
  +4.06193778720432774332e-001-j4.91121566263637898686e-001
  +3.84184119072234375736e-001-j4.86401769862040700421e-001
  +3.62638734526104067335e-001-j4.80761773384084545313e-001
  +3.41631323868522296383e-001-j4.74256641935949185829e-001
  +3.21227522683368849066e-001-j4.66947964289464056975e-001
  +3.01484297604853679342e-001-j4.58902512416920316252e-001
  +2.82449586430767840550e-001-j4.50190867916993697762e-001
  +2.64162175397919030129e-001-j4.40886062931181876845e-001
  +2.46651795652526595326e-001-j4.31062277813671457238e-001
  +2.29939413725187113968e-001-j4.20793630822644870726e-001
  +2.14037685845893110859e-001-j4.10153087131656102216e-001
  +1.98951543203879283039e-001-j3.99211506172698182837e-001
  +1.84678874591868574795e-001-j3.88036838291610453044e-001
  +1.71211273971818872530e-001-j3.76693474375075498806e-001
  +1.58534822983191159285e-001-j3.65241745813480900296e-001
  +1.46630881882756941570e-001-j3.53737567076274683764e-001
  +1.35476866468219103723e-001-j3.42232209355243843785e-001
  +1.25046992849961485783e-001-j3.30772191136351700891e-001
  +1.15312976209710982278e-001-j3.19399270079581742987e-001
  +1.06244673703216038763e-001-j3.08150520059455979016e-001
  +9.78106652751548066860e-002-j2.97058477464600290130e-001
  +8.99787692685336398801e-002-j2.86151341687320481810e-001
  +8.27164922897786203393e-002-j2.75453215978782139928e-001
  +7.59914148369607439504e-002-j2.64984376347055017309e-001
  +6.97715157439521560523e-002-j2.54761557804044691533e-001
  +6.40254395887585453506e-002-j2.44798248919849859018e-001
  +5.87227119213594925262e-002-j2.35104987241786328456e-001
  +5.38339075504229644387e-002-j2.25689649625930965904e-001
  +4.93307772533136471016e-002-j2.16557732877165093344e-001
  +4.51863381993583348994e-002-j2.07712621281162274078e-001
  +4.13749331551372112603e-002-j1.99155838632828291468e-001
  +3.78722632178470075548e-002-j1.90887283223909715035e-001
  +3.46553984358869346383e-002-j1.82905444957597862476e-001
  +3.17027702546818224150e-002-j1.75207604323729865259e-001
  +2.89941492935326707026e-002-j1.67790013410444083242e-001
  +2.65106115332277153529e-002-j1.60648059463418396708e-001
  +2.42344955865237653148e-002-j1.53776411748325458895e-001
  +2.21493533426131289366e-002-j1.47169152641160511097e-001
  +2.02398959272703619916e-002-j1.40819893978527149736e-001
  +1.84919366049768572891e-002-j1.34721879758168350261e-001
  +1.68923319685154171843e-002-j1.28868076299682887687e-001
  +1.54289225145487103596e-002-j1.23251250965613984301e-001
  +1.40904734888474061916e-002-j1.17864040511546586121e-001
  +1.28666166998382524439e-002-j1.12699010086769149663e-001
  +1.17477938413918236993e-002-j1.07748703849521926257e-001
  +1.07252017325163723910e-002-j1.03005688096887149108e-001
  +9.79073977012309866474e-003-j9.84625877421309025905e-002
  +8.93695979862735301325e-003-j9.41121169041748417694e-002
  +8.15701852436187015150e-003-j8.99471043066706332780e-002
  +7.44463254130227954780e-003-j8.59605141191422950087e-002
  +6.79403598536627330307e-003-j8.21454628107713691332e-002
  +6.19994079568289904736e-003-j7.84952325291983915578e-002
  +5.65749953109340782825e-003-j7.50032814625405941378e-002
  +5.16227066730028973096e-003-j7.16632515928339736133e-002
  +4.71018628327612726842e-003-j6.84689742033058740267e-002
  +4.29752203370319628417e-003-j6.54144734601833505172e-002
  +3.92086929641773194316e-003-j6.24939683519789082600e-002
  +3.57710937929818463196e-003-j5.97018732351567160688e-002
  +3.26338966910623765050e-003-j5.70327972045366893283e-002
  +2.97710160490852280418e-003-j5.44815424794725666757e-002
  +2.71586036041692379869e-003-j5.20431019724962168338e-002
  +2.47748612250372340915e-003-j4.97126561854878620816e-002
  +2.25998685696136847323e-003-j4.74855695592643206604e-002
  +2.06154245702896456172e-003-j4.53573863855362760522e-002
  +1.88049017509134687269e-003-j4.33238263752491262193e-002
  +1.71531124310460476867e-003-j4.13807799641800339030e-002
  +1.56461859258165717976e-003-j3.95243034251257230327e-002
  +1.42714559027883286339e-003-j3.77506138459095877402e-002
  +1.30173571097770101983e-003-j3.60560840235939414344e-002
  +1.18733307389504746769e-003-j3.44372373175706736337e-002
  +1.08297377423132975063e-003-j3.28907424974818271557e-002
  +9.87777946151605426572e-004-j3.14134086160782963204e-002
  +9.00942498060172268677e-004-j3.00021799320542917333e-002
</dep>
<dep V1.i acfrequency>
  -2.09235590008585714550e-011-j6.28318461040661373151e-008
  -2.29422259998262462188e-011-j6.57930190783930200621e-008
  -2.51556502950216198666e-011-j6.88937477312399071936e-008
  -2.75826216793000067451e-011-j7.21406091036571475225e-008
  -3.02437428399693342129e-011-j7.55404902008011286017e-008
  -3.31616041050752929920e-011-j7.91006025997535899309e-008
  -3.63609752116605955408e-011-j8.28284977457356502934e-008
  -3.98690157494066554911e-011-j8.67320829691528289083e-008
  -4.37155056078053494417e-011-j9.08196382574335875696e-008
  -4.79330976494753147055e-011-j9.50998338172246014594e-008
  -5.25575951846029426617e-011-j9.95817484641791475591e-008
  -5.76282555746557290099e-011-j1.04274888879329443046e-007
  -6.31881238684958018714e-011-j1.09189209772868637948e-007
  -6.92843978532513976587e-011-j1.14335134998090639949e-007
  -7.59688288838600289665e-011-j1.19723579660247281922e-007
  -8.32981612288938300104e-011-j1.25365973267189681317e-007
  -9.13346136731645746876e-011-j1.31274283970865970216e-007
  -1.00146407741022111515e-010-j1.37461043951055355864e-007
  -1.09808346904259959698e-010-j1.43939375995137676950e-007
  -1.20402451382487299392e-010-j1.50723021330225815775e-007
  -1.32018654553289413456e-010-j1.57826368766638573395e-007
  -1.44755566447397551744e-010-j1.65264485214463794858e-007
  -1.58721310617240818353e-010-j1.73053147637865319416e-007
  -1.74034442239345832348e-010-j1.81208876514822779030e-007
  -1.90824954308162902938e-010-j1.89748970873177397687e-007
  -2.09235381272562456778e-010-j1.98691544977181468973e-007
  -2.29422008869934260233e-010-j2.08055566742235629861e-007
  -2.51556200945701052829e-010-j2.17860897959142910891e-007
  -2.75825853964743045177e-010-j2.28128336413023102837e-007
  -3.02436992143844188274e-010-j2.38879659986025878507e-007
  -3.31615516296901446935e-010-j2.50137672837156768989e-007
  -3.63609121463307274902e-010-j2.61926253756902054236e-007
  -3.98689399501222715982e-010-j2.74270406798913293970e-007
  -4.37154144453761814293e-010-j2.87196314295795181760e-007
  -4.79329880610302253019e-010-j3.00731392371045416889e-007
  -5.25574634025393824799e-010-j3.14904349064431090476e-007
  -5.76280971781393397402e-010-j3.29745245193559635675e-007
  -6.31879334229631939301e-010-j3.45285558080127752156e-007
  -6.92841688697525687202e-010-j3.61558248275316638145e-007
  -7.59685535913759077409e-010-j3.78597829425060960299e-007
  -8.32978302463651190668e-010-j3.96440441422457715471e-007
  -9.13342157492832290577e-010-j4.15123927001416747264e-007
  -1.00145929363918556598e-009-j4.34687911932797762039e-007
  -1.09807771748559983294e-009-j4.55173888991737661168e-007
  -1.20401759883762698999e-009-j4.76625305872661533096e-007
  -1.32017823211458100452e-009-j4.99087657236612752934e-007
  -1.44754566937677769944e-009-j5.22608581084019613543e-007
  -1.58720108958025976631e-009-j5.47237959654882970524e-007
  -1.74032997518266951964e-009-j5.73028025067607177864e-007
  -1.90823217375624999692e-009-j6.00033469917342019799e-007
  -2.09233293012442075898e-009-j6.28311563064730679340e-007
  -2.29419498242594555037e-009-j6.57922270856442616553e-007
  -2.51553182497037293441e-009-j6.88928384029746132746e-007
  -2.75822224993704442908e-009-j7.21395650564725532309e-007
  -3.02432629176066329613e-009-j7.55392914759527057650e-007
  -3.31610270878001864303e-009-j7.90992262816273704141e-007
  -3.63602815095661301148e-009-j8.28269175238009974530e-007
  -3.98681817567010307601e-009-j8.67302686350227629366e-007
  -4.37145028999602093533e-009-j9.08175551274206566046e-007
  -4.79318921443243166347e-009-j9.50974420693559197318e-007
  -5.25561458250361178413e-009-j9.95790023769997394281e-007
  -5.76265131061815330527e-009-j1.04271735957947319663e-006
  -6.31860289540845873613e-009-j1.09185589745539019450e-006
  -6.92818792049840204150e-009-j1.14330978664165313637e-006
  -7.59658008180519490893e-009-j1.19718807567473542815e-006
  -8.32945207008021701323e-009-j1.25360494193085128339e-006
  -9.13302368186542402884e-009-j1.31267993179151680676e-006
  -1.00141145658477238867e-008-j1.37453821189834296791e-006
  -1.09802020503268343843e-008-j1.43931083198572986652e-006
  -1.20394845410428524835e-008-j1.50713499979810467006e-006
  -1.32009510243359922538e-008-j1.57815436861649730955e-006
  -1.44744572624900223745e-008-j1.65251933793731671400e-006
  -1.58708093248960228905e-008-j1.73038736786422284870e-006
  -1.74018551587649863283e-008-j1.81192330779166041180e-006
  -1.90805849718019959055e-008-j1.89729973997590650403e-006
  -2.09212412718691540686e-008-j1.98669733860609214963e-006
  -2.29394394904403834540e-008-j2.08030524500329208051e-006
  -2.51523002034416062744e-008-j2.17832145959033578639e-006
  -2.75785940610816845270e-008-j2.28095325128784655861e-006
  -3.02389006427423827350e-008-j2.38841758500305272980e-006
  -3.31557825690594575041e-008-j2.50094156788649808474e-006
  -3.63539763288775897437e-008-j2.61876291503732288373e-006
  -3.98606014174042282139e-008-j2.74213043533991849800e-006
  -4.37053895317783634017e-008-j2.87130453811236409486e-006
  -4.79209357350960860056e-008-j3.00655776123965963581e-006
  -5.25429736789907730898e-008-j3.14817532145111316242e-006
  -5.76106771716213342249e-008-j3.29645568738034107733e-006
  -6.31669905901003150839e-008-j3.45171117601686083980e-006
  -6.92589908701747494074e-008-j3.61426857311859190736e-006
  -7.59382840591067524716e-008-j3.78446977810315526695e-006
  -8.32614396933321464916e-008-j3.96267247387059546931e-006
  -9.12904665625825697400e-008-j4.14925082192856964342e-006
  -1.00093333748826635726e-007-j4.34459618309094688427e-006
  -1.09744541180995360333e-007-j4.54911786389860485697e-006
  -1.20325744331565686468e-007-j4.76324388876389618388e-006
  -1.31926438096271157752e-007-j4.98742179766369104620e-006
  -1.44644705348017169055e-007-j5.22211946899540288547e-006
  -1.58588036141963425324e-007-j5.46782596696111467075e-006
  -1.73874224072920885442e-007-j5.72505241255055976642e-006
  -1.90632346849670336955e-007-j5.99433287684774506333e-006
  -2.09003838757258232628e-007-j6.27622529498081820244e-006
  -2.29143663327030684684e-007-j6.57131239856125626823e-006
  -2.51221595227649327139e-007-j6.88020266390732964805e-006
  -2.75423621130029688819e-007-j7.20353127270616171271e-006
  -3.01953470082831154989e-007-j7.54196108102652538774e-006
  -3.31034284764054366479e-007-j7.89618359173577111904e-006
  -3.62910445847735175368e-007-j8.26691992438361725941e-006
  -3.97849562634559634350e-007-j8.65492177547421121626e-006
  -4.36144644044497709068e-007-j9.06097236073577416075e-006
  -4.78116465044413786051e-007-j9.48588732949203654928e-006
  -5.24116144578204911850e-007-j9.93051563951525747013e-006
  -5.74527952069687868064e-007-j1.03957403787704967318e-005
  -6.29772360559335657448e-007-j1.08824795182125011055e-005
  -6.90309365498762610505e-007-j1.13916865772374153261e-005
  -7.56642089130756673176e-007-j1.19243511804842504956e-005
  -8.29320691197137213266e-007-j1.24814994813851780418e-005
  -9.08946607399899577165e-007-j1.30641944241375754048e-005
  -9.96177137541819296765e-007-j1.36735358115677111540e-005
  -1.09173040552812687827e-006-j1.43106601416292914691e-005
  -1.19639071334792616852e-006-j1.49767401699807655026e-005
  -1.31101431067866085189e-006-j1.56729841501637086093e-005
  -1.43653560076331654992e-006-j1.64006346963143845503e-005
  -1.57397380156566366570e-006-j1.71609672060358755966e-005
  -1.72444007876188312722e-006-j1.79552877730028115865e-005
  -1.88914516369677256032e-006-j1.87849305100353181552e-005
  -2.06940746480706316834e-006-j1.96512541937517395854e-005
  -2.26666167495146483706e-006-j2.05556381314979627378e-005
  -2.48246786930289196037e-006-j2.14994771400909249906e-005
  -2.71852107863564053554e-006-j2.24841755140803001279e-005
  -2.97666131061563653086e-006-j2.35111398488462746467e-005
  -3.25888397667383053133e-006-j2.45817705711024307746e-005
  -3.56735066376899262637e-006-j2.56974520165232965605e-005
  -3.90440016834759100368e-006-j2.68595408816331440390e-005
  -4.27255968357868692008e-006-j2.80693528652610874662e-005
  -4.67455599996417108834e-006-j2.93281473044180642374e-005
  -5.11332654317889342618e-006-j3.06371096011918967101e-005
  -5.59203003100736768458e-006-j3.19973312321943271922e-005
  -6.11405648309865080124e-006-j3.34097871314721555172e-005
  -6.68303626268353339994e-006-j3.48753102431194846370e-005
  -7.30284776828918238793e-006-j3.63945630528898528711e-005
  -7.97762332603731919717e-006-j3.79680059310044936425e-005
  -8.71175275988456880409e-006-j3.95958621534867348307e-005
  -9.50988403922959041163e-006-j4.12780795194165169232e-005
  -1.03769203223894339230e-005-j4.30142885494255356360e-005
  -1.13180126330692486236e-005-j4.48037573396346130669e-005
  -1.23385473286239137278e-005-j4.66453432581739513741e-005
  -1.34441274483099778431e-005-j4.85374418113423459716e-005
  -1.46405469728297496414e-005-j5.04779331757994082375e-005
  -1.59337569906872679893e-005-j5.24641270935448400005e-005
  -1.73298227610962148493e-005-j5.44927070581110816307e-005
  -1.88348706976937299139e-005-j5.65596749817859031136e-005
  -2.04550243835996924113e-005-j5.86602978206698022143e-005
  -2.21963288786367963275e-005-j6.07890579396182421739e-005
  -2.40646628060365555448e-005-j6.29396093113475943925e-005
  -2.60656380199603251915e-005-j6.51047419474102130425e-005
  -2.82044870655533521167e-005-j6.72763572326289601040e-005
  -3.04859391548495005028e-005-j6.94454570532000389251e-005
  -3.29140859934416057150e-005-j7.16021497417450010579e-005
  -3.54922394950253790574e-005-j7.37356758764256794069e-005
  -3.82227841940877867410e-005-j7.58344568307071123211e-005
  -4.11070279795735442178e-005-j7.78861686418097785888e-005
  -4.41450555799099964276e-005-j7.98778432210146539750e-005
  -4.73355899752751427267e-005-j8.17959981493836745621e-005
  -5.06758675287368343543e-005-j8.36267952847305013004e-005
  -5.41615330393033689218e-005-j8.53562271662677173783e-005
  -5.77865610515300150238e-005-j8.69703287825311779436e-005
  -6.15432095396654618193e-005-j8.84554107321626427365e-005
  -6.54220114671430290863e-005-j8.97983082474862617057e-005
  -6.94118086781749237413e-005-j9.09866390804264498025e-005
  -7.34998311153855203191e-005-j9.20090619954909275970e-005
  -7.76718225244507398447e-005-j9.28555267035849395216e-005
  -8.19122116946067747303e-005-j9.35175056195320210731e-005
  -8.62043260226328305696e-005-j9.39881979243420450677e-005
  -9.05306419372496292731e-005-j9.42626971083311158885e-005
  -9.48730646557838848843e-005-j9.43381144594262344020e-005
  -9.92132280373586496885e-005-j9.42136527823220942032e-005
  -1.03532804095973952506e-004-j9.38906268745058879841e-005
  -1.07813811150975753339e-004-j9.33724297860656773452e-005
  -1.12038909675390041965e-004-j9.26644464648373284918e-005
  -1.16191675646748224866e-004-j9.17739188418944607309e-005
  -1.20256842542244504366e-004-j9.07097685630348169860e-005
  -1.24220504930467473288e-004-j8.94823852709338029600e-005
  -1.28070278738987009242e-004-j8.81033894885781151919e-005
  -1.31795415546254017242e-004-j8.65853797013057147492e-005
  -1.35386870484760778481e-004-j8.49416731918856035251e-005
  -1.38837325396619045478e-004-j8.31860496096569580282e-005
  -1.42141170631598755128e-004-j8.13325052478625364115e-005
  -1.45294450240530725665e-004-j7.93950246835178923737e-005
  -1.48294776255491865405e-004-j7.73873749305011520263e-005
  -1.51141218263418984462e-004-j7.53229256929619216685e-005
  -1.53834174605307796684e-004-j7.32144977908698925970e-005
  -1.56375231326071897301e-004-j7.10742404481274503035e-005
  -1.58767014531473361775e-004-j6.89135369459397870671e-005
  -1.61013041154196802004e-004-j6.67429371842027664404e-005
  -1.63117572364486945790e-004-j6.45721149726875164781e-005
  -1.65085473047177068396e-004-j6.24098473842172977999e-005
  -1.66922079960431896887e-004-j6.02640132225625891910e-005
  -1.68633080433355461193e-004-j5.81416075583879153220e-005
  -1.70224402778272664114e-004-j5.60487693329434502826e-005
  -1.71702119005937025881e-004-j5.39908191862868821944e-005
  -1.73072359945324765786e-004-j5.19723049016570056617e-005
  -1.74341242483592290778e-004-j4.99970521409537750710e-005
  -1.75514808350197692045e-004-j4.80682184535933371659e-005
  -1.76598973662498370200e-004-j4.61883488528018557734e-005
  -1.77599488316724612698e-004-j4.43594315550540214651e-005
  -1.78521904235769249313e-004-j4.25829527596096170470e-005
  -1.79371551461638914114e-004-j4.08599495994651108061e-005
  -1.80153521094460693881e-004-j3.91910606190872218106e-005
  -1.80872654121672218419e-004-j3.75765733269487357121e-005
  -1.81533535241915647230e-004-j3.60164685328131486865e-005
  -1.82140490861153387693e-004-j3.45104613127543129333e-005
  -1.82697590517984557144e-004-j3.30580385516471457539e-005
  -1.83208651076691934195e-004-j3.16584930963102035260e-005
  -1.83677243106938154968e-004-j3.03109546157393176661e-005
  -1.84106698945938902345e-004-j2.90144173110048037261e-005
  -1.84500122010827695852e-004-j2.77677646492755655591e-005
  -1.84860396994854648926e-004-j2.65697913167032334007e-005
  -1.85190200640570381803e-004-j2.54192225958808198092e-005
  -1.85492012836129151329e-004-j2.43147313772986571514e-005
  -1.85768127827443617871e-004-j2.32549530123799945728e-005
  -1.86020665379462747657e-004-j2.22384982097257695368e-005
  -1.86251581754747500214e-004-j2.12639641673149329577e-005
  -1.86462680407284555695e-004-j2.03299441225513054959e-005
  -1.86655622314619548717e-004-j1.94350354899787056400e-005
  -1.86831935892429595045e-004-j1.85778467437982820450e-005
  -1.86993026453089166566e-004-j1.77570031894669497967e-005
  -1.87140185184082668505e-004-j1.69711517559755912024e-005
  -1.87274597633716545280e-004-j1.62189649281400550943e-005
  -1.87397351700874269850e-004-j1.54991439265606365677e-005
  -1.87509445132890003542e-004-j1.48104212319242249066e-005
  -1.87611792541303109855e-004-j1.41515625401019982444e-005
  -1.87705231949565978528e-004-j1.35213682250630134047e-005
  -1.87790530889947904648e-004-j1.29186743779822399349e-005
  -1.87868392069112606418e-004-j1.23423534830534610269e-005
  -1.87939458623317387281e-004-j1.17913147833922465858e-005
  -1.88004318985038061229e-004-j1.12645043839918321862e-005
  -1.88063511383187482876e-004-j1.07609051329314509471e-005
  -1.88117527999073866915e-004-j1.02795363168816160598e-005
  -1.88166818799921338815e-004-j9.81945320235777658593e-006
  -1.88211795071225712053e-004-j9.37974645009204950434e-006
  -1.88252832668497845124e-004-j8.95954142627628655139e-006
  -1.88290275008107731939e-004-j8.55799743123325905715e-006
  -1.88324435816020500836e-004-j8.17430686325455186497e-006
  -1.88355601652244404641e-004-j7.80769433286415655900e-006
  -1.88384034227814773461e-004-j7.45741574058975842414e-006
  -1.88409972530136071971e-004-j7.12275732941690317972e-006
  -1.88433634771513621679e-004-j6.80303472143281856707e-006
  -1.88455220174736783967e-004-j6.49759194671144717459e-006
  -1.88474910608635586214e-004-j6.20580047122298614584e-006
  -1.88492872085631774136e-004-j5.92705822944873472009e-006
  -1.88509256132441462570e-004-j5.66078866642533785257e-006
</dep>
<dep _net1.v acfrequency>
  +9.99999889105137262924e-001-j3.33008784351550540370e-004
  +9.99999878406202191705e-001-j3.48703001115483043545e-004
  +9.99999866675053472598e-001-j3.65136862975571545396e-004
  +9.99999853812105099493e-001-j3.82345228249382908074e-004
  +9.99999839708162974183e-001-j4.00364598064246025953e-004
  +9.99999824243498314225e-001-j4.19233193778694075444e-004
  +9.99999807286831354780e-001-j4.38991038052398971966e-004
  +9.99999788694216462659e-001-j4.59680039736509997873e-004
  +9.99999768307820335878e-001-j4.81344082764398068647e-004
  +9.99999745954582408558e-001-j5.04029119231290444539e-004
  +9.99999721444745581778e-001-j5.27783266860149522827e-004
  +9.99999694570245400982e-001-j5.52656911060446054233e-004
  +9.99999665102943469108e-001-j5.78702811796203775777e-004
  +9.99999632792691439676e-001-j6.05976215489880429103e-004
  +9.99999597365206938093e-001-j6.34534972199310605412e-004
  +9.99999558519745535001e-001-j6.64439658316105363073e-004
  +9.99999515926547566380e-001-j6.95753705045589637170e-004
  +9.99999469224038928239e-001-j7.28543532940593464853e-004
  +9.99999418015761420975e-001-j7.62878692774229729551e-004
  +9.99999361867007663385e-001-j7.98832013050196853253e-004
  +9.99999300301130822355e-001-j8.36479754463184416863e-004
  +9.99999232795497849935e-001-j8.75901771636658217461e-004
  +9.99999158777053698266e-001-j9.17181682480686208576e-004
  +9.99999077617456100242e-001-j9.60407045528560775020e-004
  +9.99998988627742169122e-001-j1.00566954562784026915e-003
  +9.99998891052479299546e-001-j1.05306518837906186274e-003
  +9.99998784063352963436e-001-j1.10269450373384888739e-003
  +9.99998666752135001445e-001-j1.15466275918345751168e-003
  +9.99998538122974012232e-001-j1.20908018298902255293e-003
  +9.99998397083941670260e-001-j1.26606219792593723168e-003
  +9.99998242437763584789e-001-j1.32572966603693100270e-003
  +9.99998072871656207283e-001-j1.38820914491158083938e-003
  +9.99997886946182634738e-001-j1.45363315603424061474e-003
  +9.99997683083034383245e-001-j1.52214046576771449594e-003
  +9.99997459551632772445e-001-j1.59387637956654088824e-003
  +9.99997214454439675713e-001-j1.66899305004148497053e-003
  +9.99996945710849516331e-001-j1.74764979952586607670e-003
  +9.99996651039528616778e-001-j1.83001345782467716647e-003
  +9.99996327939049911571e-001-j1.91625871585917825247e-003
  +9.99995973666659709878e-001-j2.00656849595282332083e-003
  +9.99995585214996873802e-001-j2.10113433953902596293e-003
  +9.99995159286565238332e-001-j2.20015681310750882763e-003
  +9.99994692265743778670e-001-j2.30384593324382824786e-003
  +9.99994180188097381290e-001-j2.41242161165620971897e-003
  +9.99993618706726095091e-001-j2.52611412112510634945e-003
  +9.99993003055369755749e-001-j2.64516458335404798866e-003
  +9.99992328007952346880e-001-j2.76982547974530431134e-003
  +9.99991587834225259535e-001-j2.90036118617087966542e-003
  +9.99990776251131530117e-001-j3.03704853285831832474e-003
  +9.99989886369479052952e-001-j3.18017739056191284935e-003
  +9.99988910635470351629e-001-j3.33005128424307276017e-003
  +9.99987840766593083508e-001-j3.48698803553914617182e-003
  +9.99986667681327601187e-001-j3.65132043535765444045e-003
  +9.99985381422075270130e-001-j3.82339694799304534792e-003
  +9.99983971070653732127e-001-j4.00358244822549350084e-003
  +9.99982424655643464817e-001-j4.19225899292625069081e-003
  +9.99980729050799932445e-001-j4.38982662876145294378e-003
  +9.99978869863668906603e-001-j4.59670423765620641404e-003
  +9.99976831313463043749e-001-j4.81333042175329482715e-003
  +9.99974596097163548336e-001-j5.04016442967586408841e-003
  +9.99972145242712717739e-001-j5.27768712598098658356e-003
  +9.99969457948053697116e-001-j5.52640200577120786762e-003
  +9.99966511404654312400e-001-j5.78683625651356826208e-003
  +9.99963280604021398368e-001-j6.05954186920076246642e-003
  +9.99959738125566488520e-001-j6.34509680107609753963e-003
  +9.99955853904028524326e-001-j6.64410619223351241180e-003
  +9.99951594974486046574e-001-j6.95720363849503930370e-003
  +9.99946925192801039373e-001-j7.28505252306121779682e-003
  +9.99941804929133315483e-001-j7.62834740952436900913e-003
  +9.99936190731932406095e-001-j7.98781549892995518247e-003
  +9.99930034959571001352e-001-j8.36421815366743606757e-003
  +9.99923285376508763633e-001-j8.75835249106777895267e-003
  +9.99915884710578017902e-001-j9.17105304968038152758e-003
  +9.99907770167658527249e-001-j9.60319353129580020878e-003
  +9.99898872899649515666e-001-j1.00556886218723055132e-002
  +9.99889117421259077112e-001-j1.05294958946122885896e-002
  +9.99878420970700676484e-001-j1.10256177985174480538e-002
  +9.99866692808921708746e-001-j1.15451037358287808554e-002
  +9.99853833451476270433e-001-j1.20890522318255876771e-002
  +9.99839733826593413113e-001-j1.26586132005161808994e-002
  +9.99824274352383968179e-001-j1.32549903097984398542e-002
  +9.99807323925456903346e-001-j1.38794434496978119631e-002
  +9.99788738812487753904e-001-j1.45332913073015698724e-002
  +9.99768361435481534016e-001-j1.52179140519955301974e-002
  +9.99746019040604005923e-001-j1.59347561345701965729e-002
  +9.99721522239501392271e-001-j1.66853292036908996965e-002
  +9.99694663410990336239e-001-j1.74712151431158091430e-002
  +9.99665214949872482642e-001-j1.82940692328893636520e-002
  +9.99632927348388045097e-001-j1.91556234375285378002e-002
  +9.99597527094486681953e-001-j2.00576898239467234231e-002
  +9.99558714369625400664e-001-j2.10021641115141592671e-002
  +9.99516160527218366916e-001-j2.19910293562214191609e-002
  +9.99469505331131213843e-001-j2.30263597703820183105e-002
  +9.99418353931740721663e-001-j2.41103246786626077003e-002
  +9.99362273555042701645e-001-j2.52451926104486495950e-002
  +9.99300789878089790186e-001-j2.64333355276175629989e-002
  +9.99233383061655544566e-001-j2.76772331856756370616e-002
  +9.99159483408447623987e-001-j2.89794776248939109364e-002
  +9.99078466612413507164e-001-j3.03427777865179701400e-002
  +9.98989648561696808038e-001-j3.17699642472930518511e-002
  +9.98892279654586601190e-001-j3.32639940633983402507e-002
  +9.98785538584366805459e-001-j3.48279557123746599800e-002
  +9.98668525545293506163e-001-j3.64650741187088484052e-002
  +9.98540254808010785403e-001-j3.81787157453426576059e-002
  +9.98399646608561064376e-001-j3.99723937294405862186e-002
  +9.98245518290750477597e-001-j4.18497730361995848303e-002
  +9.98076574637006941337e-001-j4.38146755992331743412e-002
  +9.97891397318036887931e-001-j4.58710854100133208489e-002
  +9.97688433386564210714e-001-j4.80231535118996050171e-002
  +9.97465982735264655723e-001-j5.02752028463077926812e-002
  +9.97222184433735447939e-001-j5.26317328894308628096e-002
  +9.96955001854030631314e-001-j5.50974240074836377201e-002
  +9.96662206489035584767e-001-j5.76771414465262546867e-002
  +9.96341360362856587329e-001-j6.03759388593583037896e-002
  +9.95989796927606918509e-001-j6.31990612565665327294e-002
  +9.95604600336655209958e-001-j6.61519472513414502624e-002
  +9.95182582980780550130e-001-j6.92402304479291519357e-002
  +9.94720261171028408143e-001-j7.24697398013088717184e-002
  +9.94213828850700864770e-001-j7.58464987506352467106e-002
  +9.93659129219255921051e-001-j7.93767229008980612637e-002
  +9.93051624153403089679e-001-j8.30668159958676544097e-002
  +9.92386361315954368401e-001-j8.69233638904662458957e-002
  +9.91657938851701947769e-001-j9.09531261919901412583e-002
  +9.90860467582561965649e-001-j9.51630251969149132396e-002
  +9.89987530632407075615e-001-j9.95601317031871990704e-002
  +9.89032140436522544391e-001-j1.04151647226884233599e-001
  +9.87986693122757220209e-001-j1.08944882096939199556e-001
  +9.86842920292694714135e-001-j1.13947228842481915190e-001
  +9.85591838283231047591e-001-j1.19166130224625591016e-001
  +9.84223695053737079874e-001-j1.24609041198885259205e-001
  +9.82727914923628764754e-001-j1.30283384026842891101e-001
  +9.81093041482024363908e-001-j1.36196495687573471134e-001
  +9.79306679107757815927e-001-j1.42355566672655670102e-001
  +9.77355433677032925388e-001-j1.48767570185883768463e-001
  +9.75224853200189922831e-001-j1.55439180713415753265e-001
  +9.72899369321151841206e-001-j1.62376680886317042996e-001
  +9.70362240835660916360e-001-j1.69585855530629936450e-001
  +9.67595500639577110746e-001-j1.77071871796802421395e-001
  +9.64579907807777248152e-001-j1.84839144288533291371e-001
  +9.61294906828067285964e-001-j1.92891184180316227481e-001
  +9.57718596372002184403e-001-j2.01230431434323842055e-001
  +9.53827710372611714540e-001-j2.09858069413479703114e-001
  +9.49597614592083139051e-001-j2.18773821452907551999e-001
  +9.45002322291335961069e-001-j2.27975729311955366274e-001
  +9.40014533044733036071e-001-j2.37459913900063462888e-001
  +9.34605699158293279361e-001-j2.47220319268321941930e-001
  +9.28746124523957106156e-001-j2.57248441600114452488e-001
  +9.22405101044002306843e-001-j2.67533045831736870923e-001
  +9.15551087949357467188e-001-j2.78059873595787654388e-001
  +9.08151939366189986380e-001-j2.88811347407988749936e-001
  +9.00175185302223179740e-001-j2.99766277403465286611e-001
  +8.91588370766921656241e-001-j3.10899578449549962578e-001
  +8.82359456943224929049e-001-j3.22182007079976684416e-001
  +8.72457287128006298005e-001-j3.33579929350142301292e-001
  +8.61852118494210284183e-001-j3.45055132321274160567e-001
  +8.50516218552567204725e-001-j3.56564693332933502212e-001
  +8.38424522479297662514e-001-j3.68060922381960198280e-001
  +8.25555344234759513888e-001-j3.79491393631248508100e-001
  +8.11891130676365535557e-001-j3.90799082145056098092e-001
  +7.97419243771334662618e-001-j4.01922621202747687441e-001
  +7.82132751708260243184e-001-j4.12796693801591840778e-001
  +7.66031205426476957676e-001-j4.23352569071377693444e-001
  +7.49121373131041767834e-001-j4.33518790191733505157e-001
  +7.31417902097694749841e-001-j4.43222015009071712566e-001
  +7.12943874891692086493e-001-j4.52388003981218922434e-001
  +6.93731226426890890124e-001-j4.60942742547415240661e-001
  +6.73820989439773088137e-001-j4.68813676880462049112e-001
  +6.53263339224141925676e-001-j4.75931033711677220488e-001
  +6.32117414005672895172e-001-j4.82229187126260172569e-001
  +6.10450895088456735316e-001-j4.87648028576101955078e-001
  +5.88339340620411044291e-001-j4.92134291529000234000e-001
  +5.65865278018584105801e-001-j4.95642779783519726866e-001
  +5.43117072080046003890e-001-j4.98137448999012855122e-001
  +5.20187597732576945120e-001-j4.99592294674154946410e-001
  +4.97172757324345404584e-001-j4.99992006634959074152e-001
  +4.74169891401999110681e-001-j4.99332359746307130610e-001
  +4.51276138291338002606e-001-j4.97620322434881245943e-001
  +4.28586800899828479494e-001-j4.94873877866148115245e-001
  +4.06193778720432774332e-001-j4.91121566263637898686e-001
  +3.84184119072234375736e-001-j4.86401769862040700421e-001
  +3.62638734526104067335e-001-j4.80761773384084545313e-001
  +3.41631323868522296383e-001-j4.74256641935949185829e-001
  +3.21227522683368849066e-001-j4.66947964289464056975e-001
  +3.01484297604853679342e-001-j4.58902512416920316252e-001
  +2.82449586430767840550e-001-j4.50190867916993697762e-001
  +2.64162175397919030129e-001-j4.40886062931181876845e-001
  +2.46651795652526595326e-001-j4.31062277813671457238e-001
  +2.29939413725187113968e-001-j4.20793630822644870726e-001
  +2.14037685845893110859e-001-j4.10153087131656102216e-001
  +1.98951543203879283039e-001-j3.99211506172698182837e-001
  +1.84678874591868574795e-001-j3.88036838291610453044e-001
  +1.71211273971818872530e-001-j3.76693474375075498806e-001
  +1.58534822983191159285e-001-j3.65241745813480900296e-001
  +1.46630881882756941570e-001-j3.53737567076274683764e-001
  +1.35476866468219103723e-001-j3.42232209355243843785e-001
  +1.25046992849961485783e-001-j3.30772191136351700891e-001
  +1.15312976209710982278e-001-j3.19399270079581742987e-001
  +1.06244673703216038763e-001-j3.08150520059455979016e-001
  +9.78106652751548066860e-002-j2.97058477464600290130e-001
  +8.99787692685336398801e-002-j2.86151341687320481810e-001
  +8.27164922897786203393e-002-j2.75453215978782139928e-001
  +7.59914148369607439504e-002-j2.64984376347055017309e-001
  +6.97715157439521560523e-002-j2.54761557804044691533e-001
  +6.40254395887585453506e-002-j2.44798248919849859018e-001
  +5.87227119213594925262e-002-j2.35104987241786328456e-001
  +5.38339075504229644387e-002-j2.25689649625930965904e-001
  +4.93307772533136471016e-002-j2.16557732877165093344e-001
  +4.51863381993583348994e-002-j2.07712621281162274078e-001
  +4.13749331551372112603e-002-j1.99155838632828291468e-001
  +3.78722632178470075548e-002-j1.90887283223909715035e-001
  +3.46553984358869346383e-002-j1.82905444957597862476e-001
  +3.17027702546818224150e-002-j1.75207604323729865259e-001
  +2.89941492935326707026e-002-j1.67790013410444083242e-001
  +2.65106115332277153529e-002-j1.60648059463418396708e-001
  +2.42344955865237653148e-002-j1.53776411748325458895e-001
  +2.21493533426131289366e-002-j1.47169152641160511097e-001
  +2.02398959272703619916e-002-j1.40819893978527149736e-001
  +1.84919366049768572891e-002-j1.34721879758168350261e-001
  +1.68923319685154171843e-002-j1.28868076299682887687e-001
  +1.54289225145487103596e-002-j1.23251250965613984301e-001
  +1.40904734888474061916e-002-j1.17864040511546586121e-001
  +1.28666166998382524439e-002-j1.12699010086769149663e-001
  +1.17477938413918236993e-002-j1.07748703849521926257e-001
  +1.07252017325163723910e-002-j1.03005688096887149108e-001
  +9.79073977012309866474e-003-j9.84625877421309025905e-002
  +8.93695979862735301325e-003-j9.41121169041748417694e-002
  +8.15701852436187015150e-003-j8.99471043066706332780e-002
  +7.44463254130227954780e-003-j8.59605141191422950087e-002
  +6.79403598536627330307e-003-j8.21454628107713691332e-002
  +6.19994079568289904736e-003-j7.84952325291983915578e-002
  +5.65749953109340782825e-003-j7.50032814625405941378e-002
  +5.16227066730028973096e-003-j7.16632515928339736133e-002
  +4.71018628327612726842e-003-j6.84689742033058740267e-002
  +4.29752203370319628417e-003-j6.54144734601833505172e-002
  +3.92086929641773194316e-003-j6.24939683519789082600e-002
  +3.57710937929818463196e-003-j5.97018732351567160688e-002
  +3.26338966910623765050e-003-j5.70327972045366893283e-002
  +2.97710160490852280418e-003-j5.44815424794725666757e-002
  +2.71586036041692379869e-003-j5.20431019724962168338e-002
  +2.47748612250372340915e-003-j4.97126561854878620816e-002
  +2.25998685696136847323e-003-j4.74855695592643206604e-002
  +2.06154245702896456172e-003-j4.53573863855362760522e-002
  +1.88049017509134687269e-003-j4.33238263752491262193e-002
  +1.71531124310460476867e-003-j4.13807799641800339030e-002
  +1.56461859258165717976e-003-j3.95243034251257230327e-002
  +1.42714559027883286339e-003-j3.77506138459095877402e-002
  +1.30173571097770101983e-003-j3.60560840235939414344e-002
  +1.18733307389504746769e-003-j3.44372373175706736337e-002
  +1.08297377423132975063e-003-j3.28907424974818271557e-002
  +9.87777946151605426572e-004-j3.14134086160782963204e-002
  +9.00942498060172268677e-004-j3.00021799320542917333e-002
</dep>
<dep _net0.v acfrequency>
  +1.00000000000000000000e+000
  +1.00000000000000000000e+000
  +1.00000000000000000000e+000
  +1.00000000000000000000e+000
  +1.00000000000000000000e+000
  +1.00000000000000000000e+000
  +1.00000000000000000000e+000
  +1.00000000000000000000e+000
  +1.00000000000000000000e+000
  +1.00000000000000000000e+000
  +1.00000000000000000000e+000
  +1.00000000000000000000e+000
  +1.00000000000000000000e+000
  +1.00000000000000000000e+000
  +1.00000000000000000000e+000
  +1.00000000000000000000e+000
  +1.00000000000000000000e+000
  +1.00000000000000000000e+000
  +1.00000000000000000000e+000
  +1.00000000000000000000e+000
  +1.00000000000000000000e+000
  +1.00000000000000000000e+000
  +1.00000000000000000000e+000
  +1.00000000000000000000e+000
  +1.00000000000000000000e+000
  +1.00000000000000000000e+000
  +1.00000000000000000000e+000
  +1.00000000000000000000e+000
  +1.00000000000000000000e+000
  +1.00000000000000000000e+000
  +1.00000000000000000000e+000
  +1.00000000000000000000e+000
  +1.00000000000000000000e+000
  +1.00000000000000000000e+000
  +1.00000000000000000000e+000
  +1.00000000000000000000e+000
  +1.00000000000000000000e+000
  +1.00000000000000000000e+000
  +1.00000000000000000000e+000
  +1.00000000000000000000e+000
  +1.00000000000000000000e+000
  +1.00000000000000000000e+000
  +1.00000000000000000000e+000
  +1.00000000000000000000e+000
  +1.00000000000000000000e+000
  +1.00000000000000000000e+000
  +1.00000000000000000000e+000
  +1.00000000000000000000e+000
  +1.00000000000000000000e+000
  +1.00000000000000000000e+000
  +1.00000000000000000000e+000
  +1.00000000000000000000e+000
  +1.00000000000000000000e+000
  +1.00000000000000000000e+000
  +1.00000000000000000000e+000
  +1.00000000000000000000e+000
  +1.00000000000000000000e+000
  +1.00000000000000000000e+000
  +1.00000000000000000000e+000
  +1.00000000000000000000e+000
  +1.00000000000000000000e+000
  +1.00000000000000000000e+000
  +1.00000000000000000000e+000
  +1.00000000000000000000e+000
  +1.00000000000000000000e+000
  +1.00000000000000000000e+000
  +1.00000000000000000000e+000
  +1.00000000000000000000e+000
  +1.00000000000000000000e+000
  +1.00000000000000000000e+000
  +1.00000000000000000000e+000
  +1.00000000000000000000e+000
  +1.00000000000000000000e+000
  +1.00000000000000000000e+000
  +1.00000000000000000000e+000
  +1.00000000000000000000e+000
  +1.00000000000000000000e+000
  +1.00000000000000000000e+000
  +1.00000000000000000000e+000
  +1.00000000000000000000e+000
  +1.00000000000000000000e+000
  +1.00000000000000000000e+000
  +1.00000000000000000000e+000
  +1.00000000000000000000e+000
  +1.00000000000000000000e+000
  +1.00000000000000000000e+000
  +1.00000000000000000000e+000
  +1.00000000000000000000e+000
  +1.00000000000000000000e+000
  +1.00000000000000000000e+000
  +1.00000000000000000000e+000
  +1.00000000000000000000e+000
  +1.00000000000000000000e+000
  +1.00000000000000000000e+000
  +1.00000000000000000000e+000
  +1.00000000000000000000e+000
  +1.00000000000000000000e+000
  +1.00000000000000000000e+000
  +1.00000000000000000000e+000
  +1.00000000000000000000e+000
  +1.00000000000000000000e+000
  +1.00000000000000000000e+000
  +1.00000000000000000000e+000
  +1.00000000000000000000e+000
  +1.00000000000000000000e+000
  +1.00000000000000000000e+000
  +1.00000000000000000000e+000
  +1.00000000000000000000e+000
  +1.00000000000000000000e+000
  +1.00000000000000000000e+000
  +1.00000000000000000000e+000
  +1.00000000000000000000e+000
  +1.00000000000000000000e+000
  +1.00000000000000000000e+000
  +1.00000000000000000000e+000
  +1.00000000000000000000e+000
  +1.00000000000000000000e+000
  +1.00000000000000000000e+000
  +1.00000000000000000000e+000
  +1.00000000000000000000e+000
  +1.00000000000000000000e+000
  +1.00000000000000000000e+000
  +1.00000000000000000000e+000
  +1.00000000000000000000e+000
  +1.00000000000000000000e+000
  +1.00000000000000000000e+000
  +1.00000000000000000000e+000
  +1.00000000000000000000e+000
  +1.00000000000000000000e+000
  +1.00000000000000000000e+000
  +1.00000000000000000000e+000
  +1.00000000000000000000e+000
  +1.00000000000000000000e+000
  +1.00000000000000000000e+000
  +1.00000000000000000000e+000
  +1.00000000000000000000e+000
  +1.00000000000000000000e+000
  +1.00000000000000000000e+000
  +1.00000000000000000000e+000
  +1.00000000000000000000e+000
  +1.00000000000000000000e+000
  +1.00000000000000000000e+000
  +1.00000000000000000000e+000
  +1.00000000000000000000e+000
  +1.00000000000000000000e+000
  +1.00000000000000000000e+000
  +1.00000000000000000000e+000
  +1.00000000000000000000e+000
  +1.00000000000000000000e+000
  +1.00000000000000000000e+000
  +1.00000000000000000000e+000
  +1.00000000000000000000e+000
  +1.00000000000000000000e+000
  +1.00000000000000000000e+000
  +1.00000000000000000000e+000
  +1.00000000000000000000e+000
  +1.00000000000000000000e+000
  +1.00000000000000000000e+000
  +1.00000000000000000000e+000
  +1.00000000000000000000e+000
  +1.00000000000000000000e+000
  +1.00000000000000000000e+000
  +1.00000000000000000000e+000
  +1.00000000000000000000e+000
  +1.00000000000000000000e+000
  +1.00000000000000000000e+000
  +1.00000000000000000000e+000
  +1.00000000000000000000e+000
  +1.00000000000000000000e+000
  +1.00000000000000000000e+000
  +1.00000000000000000000e+000
  +1.00000000000000000000e+000
  +1.00000000000000000000e+000
  +1.00000000000000000000e+000
  +1.00000000000000000000e+000
  +1.00000000000000000000e+000
  +1.00000000000000000000e+000
  +1.00000000000000000000e+000
  +1.00000000000000000000e+000
  +1.00000000000000000000e+000
  +1.00000000000000000000e+000
  +1.00000000000000000000e+000
  +1.00000000000000000000e+000
  +1.00000000000000000000e+000
  +1.00000000000000000000e+000
  +1.00000000000000000000e+000
  +1.00000000000000000000e+000
  +1.00000000000000000000e+000
  +1.00000000000000000000e+000
  +1.00000000000000000000e+000
  +1.00000000000000000000e+000
  +1.00000000000000000000e+000
  +1.00000000000000000000e+000
  +1.00000000000000000000e+000
  +1.00000000000000000000e+000
  +1.00000000000000000000e+000
  +1.00000000000000000000e+000
  +1.00000000000000000000e+000
  +1.00000000000000000000e+000
  +1.00000000000000000000e+000
  +1.00000000000000000000e+000
  +1.00000000000000000000e+000
  +1.00000000000000000000e+000
  +1.00000000000000000000e+000
  +1.00000000000000000000e+000
  +1.00000000000000000000e+000
  +1.00000000000000000000e+000
  +1.00000000000000000000e+000
  +1.00000000000000000000e+000
  +1.00000000000000000000e+000
  +1.00000000000000000000e+000
  +1.00000000000000000000e+000
  +1.00000000000000000000e+000
  +1.00000000000000000000e+000
  +1.00000000000000000000e+000
  +1.00000000000000000000e+000
  +1.00000000000000000000e+000
  +1.00000000000000000000e+000
  +1.00000000000000000000e+000
  +1.00000000000000000000e+000
  +1.00000000000000000000e+000
  +1.00000000000000000000e+000
  +1.00000000000000000000e+000
  +1.00000000000000000000e+000
  +1.00000000000000000000e+000
  +1.00000000000000000000e+000
  +1.00000000000000000000e+000
  +1.00000000000000000000e+000
  +1.00000000000000000000e+000
  +1.00000000000000000000e+000
  +1.00000000000000000000e+000
  +1.00000000000000000000e+000
  +1.00000000000000000000e+000
  +1.00000000000000000000e+000
  +1.00000000000000000000e+000
  +1.00000000000000000000e+000
  +1.00000000000000000000e+000
  +1.00000000000000000000e+000
  +1.00000000000000000000e+000
  +1.00000000000000000000e+000
  +1.00000000000000000000e+000
  +1.00000000000000000000e+000
  +1.00000000000000000000e+000
  +1.00000000000000000000e+000
  +1.00000000000000000000e+000
  +1.00000000000000000000e+000
  +1.00000000000000000000e+000
  +1.00000000000000000000e+000
  +1.00000000000000000000e+000
  +1.00000000000000000000e+000
  +1.00000000000000000000e+000
</dep>
