<Qucs Dataset 0.0.19>
<indep acfrequency 251>
  +1.00000000000000000000e+001
  +1.04712854805089961019e+001
  +1.09647819614318500214e+001
  +1.14815362149688287019e+001
  +1.20226443461741290264e+001
  +1.25892541179416728170e+001
  +1.31825673855640701504e+001
  +1.38038426460288476960e+001
  +1.44543977074592753240e+001
  +1.51356124843620793996e+001
  +1.58489319246111328710e+001
  +1.65958690743756065444e+001
  +1.73780082874937527038e+001
  +1.81970085860998338489e+001
  +1.90546071796324731906e+001
  +1.99526231496887938022e+001
  +2.08929613085403929063e+001
  +2.18776162394955235868e+001
  +2.29086765276777271083e+001
  +2.39883291901949036173e+001
  +2.51188643150958021977e+001
  +2.63026799189538174062e+001
  +2.75422870333816618427e+001
  +2.88403150312660550014e+001
  +3.01995172040201573793e+001
  +3.16227766016837890106e+001
  +3.31131121482591055383e+001
  +3.46736850452531655264e+001
  +3.63078054770101346094e+001
  +3.80189396320561101561e+001
  +3.98107170553497198284e+001
  +4.16869383470335392872e+001
  +4.36515832240165906342e+001
  +4.57088189614874949029e+001
  +4.78630092322638347468e+001
  +5.01187233627272306080e+001
  +5.24807460249772432803e+001
  +5.49540873857624490029e+001
  +5.75439937337156877106e+001
  +6.02559586074357724783e+001
  +6.30957344480193142999e+001
  +6.60693448007595947047e+001
  +6.91830970918936287717e+001
  +7.24435960074989964141e+001
  +7.58577575029183748256e+001
  +7.94328234724281401213e+001
  +8.31763771102670688151e+001
  +8.70963589956080568300e+001
  +9.12010839355909439519e+001
  +9.54992586021435840848e+001
  +9.99999999999999857891e+001
  +1.04712854805089961019e+002
  +1.09647819614318478898e+002
  +1.14815362149688240834e+002
  +1.20226443461741268948e+002
  +1.25892541179416696195e+002
  +1.31825673855640701504e+002
  +1.38038426460288462749e+002
  +1.44543977074592675081e+002
  +1.51356124843620790443e+002
  +1.58489319246111278972e+002
  +1.65958690743756022812e+002
  +1.73780082874937477300e+002
  +1.81970085860998324279e+002
  +1.90546071796324667957e+002
  +1.99526231496887874073e+002
  +2.08929613085403929063e+002
  +2.18776162394955179025e+002
  +2.29086765276777271083e+002
  +2.39883291901948950908e+002
  +2.51188643150958000660e+002
  +2.63026799189538110113e+002
  +2.75422870333816490529e+002
  +2.88403150312660557120e+002
  +3.01995172040201509844e+002
  +3.16227766016837904317e+002
  +3.31131121482590970118e+002
  +3.46736850452531427891e+002
  +3.63078054770101289250e+002
  +3.80189396320561058928e+002
  +3.98107170553497212495e+002
  +4.16869383470335264974e+002
  +4.36515832240165877920e+002
  +4.57088189614874863764e+002
  +4.78630092322638120095e+002
  +5.01187233627272178182e+002
  +5.24807460249772361749e+002
  +5.49540873857624205812e+002
  +5.75439937337156948161e+002
  +6.02559586074357639518e+002
  +6.30957344480193114578e+002
  +6.60693448007595634408e+002
  +6.91830970918936031921e+002
  +7.24435960074990134672e+002
  +7.58577575029183662991e+002
  +7.94328234724281287527e+002
  +8.31763771102670489199e+002
  +8.70963589956079999865e+002
  +9.12010839355909752157e+002
  +9.54992586021435727162e+002
  +9.99999999999999545253e+002
  +1.04712854805089887122e+003
  +1.09647819614318495951e+003
  +1.14815362149688257887e+003
  +1.20226443461741246210e+003
  +1.25892541179416662089e+003
  +1.31825673855640616239e+003
  +1.38038426460288496855e+003
  +1.44543977074592726240e+003
  +1.51356124843620773390e+003
  +1.58489319246111244865e+003
  +1.65958690743755937547e+003
  +1.73780082874937534143e+003
  +1.81970085860998301541e+003
  +1.90546071796324645220e+003
  +1.99526231496887817229e+003
  +2.08929613085403752848e+003
  +2.18776162394955235868e+003
  +2.29086765276777214240e+003
  +2.39883291901948905434e+003
  +2.51188643150957841499e+003
  +2.63026799189538178325e+003
  +2.75422870333816626953e+003
  +2.88403150312660500276e+003
  +3.01995172040201441632e+003
  +3.16227766016837676943e+003
  +3.31131121482591061067e+003
  +3.46736850452531552946e+003
  +3.63078054770101152826e+003
  +3.80189396320560945242e+003
  +3.98107170553496916909e+003
  +4.16869383470335287711e+003
  +4.36515832240165855183e+003
  +4.57088189614874772815e+003
  +4.78630092322638029145e+003
  +5.01187233627271871228e+003
  +5.24807460249772520910e+003
  +5.49540873857624319498e+003
  +5.75439937337156607100e+003
  +6.02559586074357321195e+003
  +6.30957344480193205527e+003
  +6.60693448007595907256e+003
  +6.91830970918936145608e+003
  +7.24435960074989543500e+003
  +7.58577575029183117294e+003
  +7.94328234724281355739e+003
  +8.31763771102670762048e+003
  +8.70963589956080068077e+003
  +9.12010839355909047299e+003
  +9.54992586021435090515e+003
  +9.99999999999999818101e+003
  +1.04712854805089918955e+004
  +1.09647819614318432286e+004
  +1.14815362149688189675e+004
  +1.20226443461741182546e+004
  +1.25892541179416693922e+004
  +1.31825673855640634429e+004
  +1.38038426460288392263e+004
  +1.44543977074592639838e+004
  +1.51356124843620800675e+004
  +1.58489319246111299435e+004
  +1.65958690743755942094e+004
  +1.73780082874937434099e+004
  +1.81970085860998151475e+004
  +1.90546071796324686147e+004
  +1.99526231496887849062e+004
  +2.08929613085403798323e+004
  +2.18776162394955099444e+004
  +2.29086765276777077815e+004
  +2.39883291901948941813e+004
  +2.51188643150957868784e+004
  +2.63026799189537996426e+004
  +2.75422870333816390485e+004
  +2.88403150312660291092e+004
  +3.01995172040201214259e+004
  +3.16227766016837449570e+004
  +3.31131121482591115637e+004
  +3.46736850452531580231e+004
  +3.63078054770101225586e+004
  +3.80189396320561063476e+004
  +3.98107170553496980574e+004
  +4.16869383470335014863e+004
  +4.36515832240165473195e+004
  +4.57088189614874499966e+004
  +4.78630092322637647158e+004
  +5.01187233627272435115e+004
  +5.24807460249772630050e+004
  +5.49540873857624392258e+004
  +5.75439937337156734429e+004
  +6.02559586074357430334e+004
  +6.30957344480192768970e+004
  +6.60693448007595434319e+004
  +6.91830970918935636291e+004
  +7.24435960074989125133e+004
  +7.58577575029182626167e+004
  +7.94328234724281501258e+004
  +8.31763771102670871187e+004
  +8.70963589956080395496e+004
  +9.12010839355909265578e+004
  +9.54992586021435272414e+004
  +9.99999999999999126885e+004
  +1.04712854805089853471e+005
  +1.09647819614318359527e+005
  +1.14815362149688095087e+005
  +1.20226443461741306237e+005
  +1.25892541179416715750e+005
  +1.31825673855640663533e+005
  +1.38038426460288406815e+005
  +1.44543977074592665303e+005
  +1.51356124843620695174e+005
  +1.58489319246111204848e+005
  +1.65958690743755869335e+005
  +1.73780082874937274028e+005
  +1.81970085860998049611e+005
  +1.90546071796324715251e+005
  +1.99526231496887921821e+005
  +2.08929613085403863806e+005
  +2.18776162394955143100e+005
  +2.29086765276777121471e+005
  +2.39883291901948803570e+005
  +2.51188643150957708713e+005
  +2.63026799189537821803e+005
  +2.75422870333816215862e+005
  +2.88403150312660611235e+005
  +3.01995172040201607160e+005
  +3.16227766016837791540e+005
  +3.31131121482590911910e+005
  +3.46736850452531361952e+005
  +3.63078054770100978203e+005
  +3.80189396320560772438e+005
  +3.98107170553496747743e+005
  +4.16869383470334811136e+005
  +4.36515832240165269468e+005
  +4.57088189614875009283e+005
  +4.78630092322638258338e+005
  +5.01187233627272071317e+005
  +5.24807460249772295356e+005
  +5.49540873857624130324e+005
  +5.75439937337156268768e+005
  +6.02559586074357037432e+005
  +6.30957344480192288756e+005
  +6.60693448007595026866e+005
  +6.91830970918936538510e+005
  +7.24435960074989823624e+005
  +7.58577575029183528386e+005
  +7.94328234724281122908e+005
  +8.31763771102670347318e+005
  +8.70963589956079842523e+005
  +9.12010839355908683501e+005
  +9.54992586021434748545e+005
  +9.99999999999998370185e+005
</indep>
<dep argH acfrequency>
  -1.91488648743179001865e-001
  -2.00513158700472871043e-001
  -2.09962970038094470793e-001
  -2.19858125011689581330e-001
  -2.30219610205104591172e-001
  -2.41069401000507027577e-001
  -2.52430508139177667282e-001
  -2.64327026470744630426e-001
  -2.76784185993121822911e-001
  -2.89828405290107449233e-001
  -3.03487347478486990671e-001
  -3.17789978781587489909e-001
  -3.32766629851546480445e-001
  -3.48449059968093000084e-001
  -3.64870524247405736418e-001
  -3.82065844000609555753e-001
  -4.00071480387712063997e-001
  -4.18925611519256613224e-001
  -4.38668213164703391094e-001
  -4.59341143233523818701e-001
  -4.80988230202227973198e-001
  -5.03655365668029819659e-001
  -5.27390601217590626604e-001
  -5.52244249807271714303e-001
  -5.78268991859554049029e-001
  -6.05519986288756140169e-001
  -6.34054986677867860045e-001
  -6.63934462837225125575e-001
  -6.95221727984842385872e-001
  -7.27983071797476677389e-001
  -7.62287899590893158752e-001
  -7.98208877897288782144e-001
  -8.35822086717374901355e-001
  -8.75207178734153212751e-001
  -9.16447545784874417762e-001
  -9.59630492896990650031e-001
  -1.00484742020296180520e+000
  -1.05219401305748294639e+000
  -1.10177044068889906647e+000
  -1.15368156372415331390e+000
  -1.20803715093331698327e+000
  -1.26495210554546511084e+000
  -1.32454670149205067098e+000
  -1.38694682993675777460e+000
  -1.45228425645173819802e+000
  -1.52069688919876266908e+000
  -1.59232905846970629327e+000
  -1.66733180793342761206e+000
  -1.74586319792488686709e+000
  -1.82808862109664804763e+000
  -1.91418113073181817008e+000
  -2.00432178199028676602e+000
  -2.09869998632560728069e+000
  -2.19751387926696439834e+000
  -2.30097070170801787370e+000
  -2.40928719478042818736e+000
  -2.52269000831284451181e+000
  -2.64141612278405535363e+000
  -2.76571328456960507935e+000
  -2.89584045415190294293e+000
  -3.03206826681175911631e+000
  -3.17467950514118557592e+000
  -3.32396958250933050039e+000
  -3.48024703637165755410e+000
  -3.64383403003204087156e+000
  -3.81506686114336979188e+000
  -3.99429647485855499056e+000
  -4.18188897911426593623e+000
  -4.37822615903725065323e+000
  -4.58370598689980912610e+000
  -4.79874312340879249916e+000
  -5.02376940538194105557e+000
  -5.25923431403718311117e+000
  -5.50560541718379692355e+000
  -5.76336877754901966142e+000
  -6.03302931828826505267e+000
  -6.31511113540055113447e+000
  -6.61015774529280264460e+000
  -6.91873225409678127562e+000
  -7.24141743353259048632e+000
  -7.57881568612645040162e+000
  -7.93154888042460459729e+000
  -8.30025803450163124353e+000
  -8.68560282354705570640e+000
  -9.08826088464494219465e+000
  -9.50892688906230176826e+000
  -9.94831134947257744727e+000
  -1.04071391266143269405e+001
  -1.08861475969967269606e+001
  -1.13860844405098458054e+001
  -1.19077050043037377947e+001
  -1.24517691972224753272e+001
  -1.30190378676108302614e+001
  -1.36102686166833066750e+001
  -1.42262110001337820364e+001
  -1.48676010725862806083e+001
  -1.55351552332040583337e+001
  -1.62295633366834657352e+001
  -1.69514810423857760213e+001
  -1.77015213859427404941e+001
  -1.84802455727376937489e+001
  -1.92881530115981014717e+001
  -2.01256706301416876670e+001
  -2.09931415406640979882e+001
  -2.18908131572178774604e+001
  -2.28188249003242553670e+001
  -2.37771956649664559791e+001
  -2.47658112691214533641e+001
  -2.57844121426311900791e+001
  -2.68325815577431505687e+001
  -2.79097347407280267362e+001
  -2.90151092357444113645e+001
  -3.01477569143768988624e+001
  -3.13065380336964231844e+001
  -3.24901177390581423765e+001
  -3.36969653823583641383e+001
  -3.49253569800898659992e+001
  -3.61733810673640334699e+001
  -3.74389481146728542171e+001
  -3.87198035658039501072e+001
  -4.00135444320533935070e+001
  -4.13176392454777996477e+001
  -4.26294510395774892686e+001
  -4.39462628976280171855e+001
  -4.52653054952543953959e+001
  -4.65837859726456144926e+001
  -4.78989174096247438683e+001
  -4.92079481482419822669e+001
  -5.05081902147996260055e+001
  -5.17970461356986362489e+001
  -5.30720335160288527732e+001
  -5.43308068509224639797e+001
  -5.55711761601582665548e+001
  -5.67911221681722580001e+001
  -5.79888078861333937652e+001
  -5.91625865822670391481e+001
  -6.03110062444822645489e+001
  -6.14328107404776986300e+001
  -6.25269379615325888722e+001
  -6.35925152955750405681e+001
  -6.46288528129223323049e+001
  -6.56354345656989295321e+001
  -6.66119084017467741887e+001
  -6.75580746788578210271e+001
  -6.84738742386817165197e+001
  -6.93593759649914431975e+001
  -7.02147642112008156801e+001
  -7.10403263398254836147e+001
  -7.18364405742031806312e+001
  -7.26035643219980357799e+001
  -7.33422230920815820809e+001
  -7.40530000921577311601e+001
  -7.47365265644566107994e+001
  -7.53934728911290648057e+001
  -7.60245404795762595995e+001
  -7.66304544206115565430e+001
  -7.72119568987364601753e+001
  -7.77698013235119418596e+001
  -7.83047471435843647214e+001
  -7.88175552999479691607e+001
  -7.93089842720766000639e+001
  -7.97797866692533972355e+001
  -8.02307063194220972946e+001
  -8.06624758088820215107e+001
  -8.10758144278865842125e+001
  -8.14714264794718161511e+001
  -8.18499999114576155534e+001
  -8.22122052343839015975e+001
  -8.25586946910594718929e+001
  -8.28901016463199198370e+001
  -8.32070401684490690286e+001
  -8.35101047764696744480e+001
  -8.37998703301187219949e+001
  -8.40768920417682465995e+001
  -8.43417055918274769510e+001
  -8.45948273312532705859e+001
  -8.48367545567124068384e+001
  -8.50679658456784579812e+001
  -8.52889214403205357939e+001
  -8.55000636704570950997e+001
  -8.57018174071153282512e+001
  -8.58945905393694175700e+001
  -8.60787744681371549405e+001
  -8.62547446115064531114e+001
  -8.64228609169496024833e+001
  -8.65834683764786490201e+001
  -8.67368975414041472050e+001
  -8.68834650338928327074e+001
  -8.70234740529873249670e+001
  -8.71572148731544729117e+001
  -8.72849653337867152914e+001
  -8.74069913183812730040e+001
  -8.75235472223908459455e+001
  -8.76348764089630236640e+001
  -8.77412116519863047870e+001
  -8.78427755660209186317e+001
  -8.79397810228431779933e+001
  -8.80324315544453099847e+001
  -8.81209217424401742846e+001
  -8.82054375939050032684e+001
  -8.82861569037672353488e+001
  -8.83632496038983106246e+001
  -8.84368780991276537407e+001
  -8.85071975904283618775e+001
  -8.85743563855591844458e+001
  -8.86384961974720368971e+001
  -8.86997524308073650445e+001
  -8.87582544568253837269e+001
  -8.88141258771173767173e+001
  -8.88674847764569193487e+001
  -8.89184439651491658196e+001
  -8.89671112112380626513e+001
  -8.90135894629304686987e+001
  -8.90579770615901225028e+001
  -8.91003679456530477410e+001
  -8.91408518458055425526e+001
  -8.91795144717626158126e+001
  -8.92164376909762921741e+001
  -8.92516996995923221903e+001
  -8.92853751859644262368e+001
  -8.93175354870356699166e+001
  -8.93482487378708043479e+001
  -8.93775800146268437629e+001
  -8.94055914712390489285e+001
  -8.94323424700773017548e+001
  -8.94578897068381024837e+001
  -8.94822873299100223221e+001
  -8.95055870544507996556e+001
  -8.95278382714045619650e+001
  -8.95490881516756758174e+001
  -8.95693817456731693483e+001
  -8.95887620784153142495e+001
  -8.96072702404078711425e+001
  -8.96249454744566804720e+001
  -8.96418252586172314977e+001
  -8.96579453854260037815e+001
  -8.96733400376025429068e+001
  -8.96880418603552129753e+001
  -8.97020820304603745399e+001
  -8.97154903222405692986e+001
  -8.97282951705926166142e+001
  -8.97405237311891141871e+001
  -8.97522019379803026595e+001
  -8.97633545581162053395e+001
  -8.97740052444138001420e+001
  -8.97841765854519735512e+001
  -8.97938901534429447793e+001
  -8.98031665499256206431e+001
  -8.98120254494309051552e+001
  -8.98204856411765035773e+001
  -8.98285650688791434959e+001
</dep>
<dep H acfrequency>
  +1.11696402910348387870e-005+j3.34208251396799112254e-003
  +1.22472538399138083492e-005+j3.49958623906986877883e-003
  +1.34288309306843198655e-005+j3.66451232733417840357e-003
  +1.47244012384106200207e-005+j3.83721050118686997019e-003
  +1.61449619739116069506e-005+j4.01804695270158163112e-003
  +1.77025712077784012357e-005+j4.20740511797367076202e-003
  +1.94104501936576710806e-005+j4.40568648772026762173e-003
  +2.12830955581303911633e-005+j4.61331145577380859896e-003
  +2.33364023080112335568e-005+j4.83072020720912327640e-003
  +2.55877986974081045779e-005+j5.05837364791945041931e-003
  +2.80563940971803422943e-005+j5.29675437753447317379e-003
  +3.07631411193563298646e-005+j5.54636770765379403386e-003
  +3.37310133695346048050e-005+j5.80774272745200690476e-003
  +3.69852003323006470453e-005+j6.08143341879667596178e-003
  +4.05533210393425468283e-005+j6.36801982310790468805e-003
  +4.44656583284448064276e-005+j6.66810926227774311559e-003
  +4.87554156751921326457e-005+j6.98233761605914285409e-003
  +5.34589987694600627549e-005+j7.31137065842723046782e-003
  +5.86163242171768104211e-005+j7.65590545551028071186e-003
  +6.42711579761199056993e-005+j8.01667182778316791958e-003
  +7.04714863845361998238e-005+j8.39443387931210899255e-003
  +7.72699229151844292152e-005+j8.78999159693552231665e-003
  +8.47241540872215764032e-005+j9.20418252236100513375e-003
  +9.28974282966178320671e-005+j9.63788350025220584560e-003
  +1.01859091685134421222e-004+j1.00920125054706263240e-002
  +1.11685175561216618349e-004+j1.05675305527250067150e-002
  +1.22459040316572265921e-004+j1.10654436919636004616e-002
  +1.34272081253142511019e-004+j1.15868050929209317340e-002
  +1.47224502250316828392e-004+j1.21327172222983094285e-002
  +1.61426163765635650917e-004+j1.27043341171148189972e-002
  +1.76997512278201656229e-004+j1.33028637578097817806e-002
  +1.94070598957320688627e-004+j1.39295705447060012838e-002
  +2.12790196074611842559e-004+j1.45857778814524104843e-002
  +2.33315020481470196314e-004+j1.52728708690503863638e-002
  +2.55819074351284038785e-004+j1.59922991140261649967e-002
  +2.80493114343585367172e-004+j1.67455796542368522128e-002
  +3.07546261392203684921e-004+j1.75343000056833557554e-002
  +3.37207764458844654661e-004+j1.83601213335433423313e-002
  +3.69728932835160456569e-004+j1.92247817504226821417e-002
  +4.05385252928665664515e-004+j2.01300997445460656821e-002
  +4.44478706939594695336e-004+j2.10779777402546851517e-002
  +4.87340312436348283790e-004+j2.20704057927402566563e-002
  +5.34332903576287569433e-004+j2.31094654184047128276e-002
  +5.85854176606528682242e-004+j2.41973335615782540742e-002
  +6.42340024326598277825e-004+j2.53362866975361325506e-002
  +7.04268186412173430831e-004+j2.65287050708054965298e-002
  +7.72162244897572555558e-004+j2.77770770666232492963e-002
  +8.46595996705145725607e-004+j2.90840037120666840276e-002
  +9.28198237902921950530e-004+j3.04522033017986387682e-002
  +1.01765799737801323176e-003+j3.18845161415127267834e-002
  +1.11573026084161642559e-003+j3.33839093999887745468e-002
  +1.22324222954018550606e-003+j3.49534820581305569198e-002
  +1.34110016174244931278e-003+j3.65964699404003127037e-002
  +1.47029684900736967550e-003+j3.83162508106308433153e-002
  +1.61191978341394663056e-003+j4.01163495102157263705e-002
  +1.76716007634622083652e-003+j4.20004431120766727470e-002
  +1.93732219406602540479e-003+j4.39723660584963801923e-002
  +2.12383458015544691194e-003+j4.60361152447899615869e-002
  +2.32826123994474493487e-003+j4.81958550037585239934e-002
  +2.55231436722295080416e-003+j5.04559219378044668258e-002
  +2.79786809880683924254e-003+j5.28208295363535376699e-002
  +3.06697348785223491974e-003+j5.52952725056767083189e-002
  +3.36187479204131138208e-003+j5.78841307261666326855e-002
  +3.68502717785816223325e-003+j6.05924727384236153083e-002
  +4.03911594692886889019e-003+j6.34255586439420732114e-002
  +4.42707739467279332707e-003+j6.63888422885530599116e-002
  +4.85212141506590702994e-003+j6.94879725768378225803e-002
  +5.31775596788142037447e-003+j7.27287937432450626307e-002
  +5.82781352601299731248e-003+j7.61173443803645627392e-002
  +6.38647961999575138059e-003+j7.96598549964731700301e-002
  +6.99832359413165606965e-003+j8.33627438428191230857e-002
  +7.66833168311226685832e-003+j8.72326107158902103178e-002
  +8.40194250901732213321e-003+j9.12762284008957619497e-002
  +9.20508508522654110562e-003+j9.55005313796749577548e-002
  +1.00842193951470541352e-002+j9.99126013790932882008e-002
  +1.10463795885984844558e-002+j1.04519649284634891240e-001
  +1.20992198059022264961e-002+j1.09328992888394843641e-001
  +1.32510625976873259307e-002+j1.14348029881233617666e-001
  +1.45109498554367253448e-002+j1.19584205435875709500e-001
  +1.58886961019253543370e-002+j1.25044973661903008333e-001
  +1.73949439097931916887e-002+j1.30737752145921259928e-001
  +1.90412211181907355118e-002+j1.36669868722110454673e-001
  +2.08399993991847942709e-002+j1.42848499551891605641e-001
  +2.28047535847271526377e-002+j1.49280597529173331139e-001
  +2.49500209987117624322e-002+j1.55972809973006526496e-001
  +2.72914598442554126589e-002+j1.62931384526814854175e-001
  +2.98459054713092926392e-002+j1.70162062158129012701e-001
  +3.26314230919225733984e-002+j1.77669956151619845564e-001
  +3.56673552184992165293e-002+j1.85459416019291417621e-001
  +3.89743617738302211562e-002+j1.93533875324587101296e-001
  +4.25744504616629437788e-002+j2.01895682543115184693e-001
  +4.64909945962647744300e-002+j2.10545914274570644675e-001
  +5.07487351747715129124e-002+j2.19484170392610367095e-001
  +5.53737635464878058533e-002+j2.28708351087548750202e-001
  +6.03934806025201234569e-002+j2.38214416237206655369e-001
  +6.58365279962309229989e-002+j2.47996128150486300212e-001
  +7.17326865352644477136e-002+j2.58044779481581332270e-001
  +7.81127365915920690576e-002+j2.68348909022870119045e-001
  +8.50082751970321348622e-002+j2.78894009159497358041e-001
  +9.24514844757280823684e-002+j2.89662230009302912315e-001
  +1.00474846267220613294e-001+j3.00632086668736975277e-001
  +1.09110798275254369805e-001+j3.11778177515667553887e-001
  +1.18391327903249771181e-001+j3.23070923143131183419e-001
  +1.28347501172150157966e-001+j3.34476337152593006241e-001
  +1.39008925819100542798e-001+j3.45955841635490146668e-001
  +1.50403149891899512447e-001+j3.57466141605739085030e-001
  +1.62554999907885550092e-001+j3.68959173775138538076e-001
  +1.75485865927413581256e-001+j3.80382145726004594621e-001
  +1.89212944647690756161e-001+j3.91677681551349909927e-001
  +2.03748455743760409353e-001+j4.02784089216286333990e-001
  +2.19098850997312966093e-001+j4.13635763068149364674e-001
  +2.35264040019980746887e-001+j4.24163731940223331929e-001
  +2.52236660288668257390e-001+j4.34296359062665005002e-001
  +2.70001422403652047155e-001+j4.43960194503580152237e-001
  +2.88534563558761614210e-001+j4.53080974209595976898e-001
  +3.07803442778215308184e-001+j4.61584752122612074210e-001
  +3.27766310168651708867e-001+j4.69399143679533059625e-001
  +3.48372278989628803014e-001+j4.76454650749891461814e-001
  +3.69561523634385546977e-001+j4.82686030337958982273e-001
  +3.91265718693874497980e-001+j4.88033662843907090068e-001
  +4.13408724426177598410e-001+j4.92444871020603025524e-001
  +4.35907512670078878259e-001+j4.95875138586180708167e-001
  +4.58673315229143785388e-001+j4.98289178214669115086e-001
  +4.81612964867265402891e-001+j4.99661802561520207444e-001
  +5.04630388228058057720e-001+j4.99978559045142934014e-001
  +5.27628201124288431778e-001+j4.99236098957833662748e-001
  +5.50509350516711903900e-001+j4.97442263494347614028e-001
  +5.73178744668017992048e-001+j4.94615882608730073056e-001
  +5.95544813677561846177e-001+j4.90786296242386954614e-001
  +6.17520946809705484348e-001+j4.85992620377048933911e-001
  +6.39026760338227028946e-001+j4.80282791602881786730e-001
  +6.59989159387658785860e-001+j4.73712432682983630716e-001
  +6.80343168618606553011e-001+j4.66343587425195382767e-001
  +7.00032518650278601235e-001+j4.58243375819472054111e-001
  +7.19009986928462851985e-001+j4.49482619937183469627e-001
  +7.37237502528339416763e-001+j4.40134487849016653449e-001
  +7.54686033502895869951e-001+j4.30273197327653456057e-001
  +7.71335282439187142067e-001+j4.19972814005438344065e-001
  +7.87173220680450480558e-001+j4.09306170640044597597e-001
  +8.02195494232639250143e-001+j3.98343925854896030447e-001
  +8.16404734888925842640e-001+j3.87153772731028078535e-001
  +8.29809808885405897350e-001+j3.75799800376439840921e-001
  +8.42425032825692698957e-001+j3.64342005393727907947e-001
  +8.54269383083835598391e-001+j3.52835945177639997983e-001
  +8.65365720800453819272e-001+j3.41332521251586584743e-001
  +8.75740050268398628752e-001+j3.29877878349399633606e-001
  +8.85420824242852400054e-001+j3.18513403548359719242e-001
  +8.94438305719738591115e-001+j3.07275809299954516529e-001
  +9.02823992151629672875e-001+j2.96197284503122715282e-001
  +9.10610104997418789985e-001+j2.85305698635706705968e-001
  +9.17829144965338294959e-001+j2.74624845229877845298e-001
  +9.24513511303346802173e-001+j2.64174712493272623171e-001
  +9.30695181982818642297e-001+j2.53971770511580152707e-001
  +9.36405450558732921351e-001+j2.44029266119105747723e-001
  +9.41674714810149304789e-001+j2.34357518115748203469e-001
  +9.46532311903271583731e-001+j2.24964206989288317828e-001
  +9.51006394712034519578e-001+j2.15854654637912590776e-001
  +9.55123844018920475918e-001+j2.07032090762377496418e-001
  +9.58910211549373170392e-001+j1.98497903605326597720e-001
  +9.62389689122181923864e-001+j1.90251873561055856454e-001
  +9.65585099588770034984e-001+j1.82292388872698385427e-001
  +9.68517905657082067705e-001+j1.74616643189306502970e-001
  +9.71208233128053266547e-001+j1.67220815188594801315e-001
  +9.73674905497648568442e-001+j1.60100230798689513456e-001
  +9.75935487283239977430e-001+j1.53249508790289201698e-001
  +9.78006333811757166963e-001+j1.46662690674359968979e-001
  +9.79902645553863416161e-001+j1.40333355943634885410e-001
  +9.81638525401094308442e-001+j1.34254723751007998267e-001
  +9.83227037561012817690e-001+j1.28419742134951775370e-001
  +9.84680266989826580293e-001+j1.22821165890372396845e-001
  +9.86009378494332566767e-001+j1.17451624150339412056e-001
  +9.87224674817822056561e-001+j1.12303678696058312214e-001
  +9.88335653180310802490e-001+j1.07369873954285807716e-001
  +9.89351059874907456937e-001+j1.02642779577059264917e-001
  +9.90278942632050296346e-001+j9.81150264312186937143e-002
  +9.91126700554348816219e-001+j9.37793367570861763349e-002
  +9.91901131499358212906e-001+j8.96285491885875779117e-002
  +9.92608476848058307596e-001+j8.56556392623161189093e-002
  +9.93254463645170782016e-001+j8.18537359814133919089e-002
  +9.93844344135573987131e-001+j7.82161349422529073028e-002
  +9.94382932750588199866e-001+j7.47363084780572756172e-002
  +9.94874640620233341437e-001+j7.14079132239202468702e-002
  +9.95323507703942067515e-001+j6.82247954622280800008e-002
  +9.95733232643702836917e-001+j6.51809945660879047624e-002
  +9.96107200451121665985e-001+j6.22707448209075392631e-002
  +9.96448508144201272607e-001+j5.94884758705157556946e-002
  +9.96759988451387246577e-001+j5.68288120039268720984e-002
  +9.97044231700170757726e-001+j5.42865704717745978236e-002
  +9.97303606005721432481e-001+j5.18567589973208190046e-002
  +9.97540275872022319525e-001+j4.95345726255102258850e-002
  +9.97756219314111181262e-001+j4.73153900345593403376e-002
  +9.97953243605534279226e-001+j4.51947694177921160952e-002
  +9.98132999750213079082e-001+j4.31684440286446147184e-002
  +9.98296995772757989052e-001+j4.12323174687524093840e-002
  +9.98446608915981914656e-001+j3.93824587876153431321e-002
  +9.98583096829055882893e-001+j3.76150974523300138386e-002
  +9.98707607824507848093e-001+j3.59266182371350828451e-002
  +9.98821190277133341695e-001+j3.43135560748800833020e-002
  +9.98924801232926928840e-001+j3.27725909058829631415e-002
  +9.99019314291374915804e-001+j3.13005425538598960888e-002
  +9.99105526819899059099e-001+j2.98943656535980289979e-002
  +9.99184166554924702019e-001+j2.85511446506992831729e-002
  +9.99255897639966361723e-001+j2.72680888899718976148e-002
  +9.99321326147285193819e-001+j2.60425278058116320412e-002
  +9.99381005126074195566e-001+j2.48719062251329357804e-002
  +9.99435439216761589698e-001+j2.37537797910238115962e-002
  +9.99485088867882676134e-001+j2.26858105132560598782e-002
  +9.99530374189055992318e-001+j2.16657624500433375336e-002
  +9.99571678470883684398e-001+j2.06914975239589384037e-002
  +9.99609351400087997597e-001+j1.97609714736744629393e-002
  +9.99643711995869654885e-001+j1.88722299421259891161e-002
  +9.99675051291326832725e-001+j1.80234047008310908911e-002
  +9.99703634781791694586e-001+j1.72127100093447393814e-002
  +9.99729704660114126824e-001+j1.64384391082344240298e-002
  +9.99753481857240888786e-001+j1.56989608434576488616e-002
  +9.99775167904889849879e-001+j1.49927164196222706405e-002
  +9.99794946635697345805e-001+j1.43182162792887830022e-002
  +9.99812985734909620561e-001+j1.36740371052231270838e-002
  +9.99829438156489391787e-001+j1.30588189423160062896e-002
  +9.99844443415407790887e-001+j1.24712624357445015649e-002
  +9.99858128766885512206e-001+j1.19101261818540579002e-002
  +9.99870610282418081916e-001+j1.13742241881778158308e-002
  +9.99881993831576498799e-001+j1.08624234389802284267e-002
  +9.99892375977798342213e-001+j1.03736415627075553164e-002
  +9.99901844795672012367e-001+j9.90684459774519854403e-003
  +9.99910480616571062384e-001+j9.46104485291678759529e-003
  +9.99918356708897726470e-001+j9.03529885921025913142e-003
  +9.99925539898653181758e-001+j8.62870540927753761073e-003
  +9.99932091135554923511e-001+j8.24040368132608960772e-003
  +9.99938066009466997031e-001+j7.86957144409958404829e-003
  +9.99943515221494494405e-001+j7.51542333972972289441e-003
  +9.99948485013712362601e-001+j7.17720924133057394667e-003
  +9.99953017561156287663e-001+j6.85421268229908196845e-003
  +9.99957151329381010996e-001+j6.54574935437987615039e-003
  +9.99960921400608659937e-001+j6.25116567164823652702e-003
  +9.99964359771219557516e-001+j5.96983739766083348899e-003
  +9.99967495623102942126e-001+j5.70116833312018633090e-003
  +9.99970355571159319474e-001+j5.44458906149348619702e-003
  +9.99972963889050103781e-001+j5.19955575012065289442e-003
  +9.99975342715102799573e-001+j4.96554900443895060047e-003
  +9.99977512240115773423e-001+j4.74207277304217623276e-003
  +9.99979490878651788854e-001+j4.52865330138110550734e-003
  +9.99981295425270921839e-001+j4.32483813199845742309e-003
  +9.99982941197026131697e-001+j4.13019514927580235625e-003
  +9.99984442163429299022e-001+j3.94431166675149238315e-003
  +9.99985811064986962471e-001+j3.76679355514825857723e-003
  +9.99987059521313392807e-001+j3.59726440932554153429e-003
  +9.99988198129733496522e-001+j3.43536475244607007393e-003
  +9.99989236555215099678e-001+j3.28075127571775607138e-003
  +9.99990183612390670653e-001+j3.13309611214110730892e-003
  +9.99991047340364147544e-001+j2.99208614275898229090e-003
</dep>
<dep Pr1.v acfrequency>
  +1.00000000000000000000e+000
  +1.00000000000000000000e+000
  +1.00000000000000000000e+000
  +1.00000000000000000000e+000
  +1.00000000000000000000e+000
  +1.00000000000000000000e+000
  +1.00000000000000000000e+000
  +1.00000000000000000000e+000
  +1.00000000000000000000e+000
  +1.00000000000000000000e+000
  +1.00000000000000000000e+000
  +1.00000000000000000000e+000
  +1.00000000000000000000e+000
  +1.00000000000000000000e+000
  +1.00000000000000000000e+000
  +1.00000000000000000000e+000
  +1.00000000000000000000e+000
  +1.00000000000000000000e+000
  +1.00000000000000000000e+000
  +1.00000000000000000000e+000
  +1.00000000000000000000e+000
  +1.00000000000000000000e+000
  +1.00000000000000000000e+000
  +1.00000000000000000000e+000
  +1.00000000000000000000e+000
  +1.00000000000000000000e+000
  +1.00000000000000000000e+000
  +1.00000000000000000000e+000
  +1.00000000000000000000e+000
  +1.00000000000000000000e+000
  +1.00000000000000000000e+000
  +1.00000000000000000000e+000
  +1.00000000000000000000e+000
  +1.00000000000000000000e+000
  +1.00000000000000000000e+000
  +1.00000000000000000000e+000
  +1.00000000000000000000e+000
  +1.00000000000000000000e+000
  +1.00000000000000000000e+000
  +1.00000000000000000000e+000
  +1.00000000000000000000e+000
  +1.00000000000000000000e+000
  +1.00000000000000000000e+000
  +1.00000000000000000000e+000
  +1.00000000000000000000e+000
  +1.00000000000000000000e+000
  +1.00000000000000000000e+000
  +1.00000000000000000000e+000
  +1.00000000000000000000e+000
  +1.00000000000000000000e+000
  +1.00000000000000000000e+000
  +1.00000000000000000000e+000
  +1.00000000000000000000e+000
  +1.00000000000000000000e+000
  +1.00000000000000000000e+000
  +1.00000000000000000000e+000
  +1.00000000000000000000e+000
  +1.00000000000000000000e+000
  +1.00000000000000000000e+000
  +1.00000000000000000000e+000
  +1.00000000000000000000e+000
  +1.00000000000000000000e+000
  +1.00000000000000000000e+000
  +1.00000000000000000000e+000
  +1.00000000000000000000e+000
  +1.00000000000000000000e+000
  +1.00000000000000000000e+000
  +1.00000000000000000000e+000
  +1.00000000000000000000e+000
  +1.00000000000000000000e+000
  +1.00000000000000000000e+000
  +1.00000000000000000000e+000
  +1.00000000000000000000e+000
  +1.00000000000000000000e+000
  +1.00000000000000000000e+000
  +1.00000000000000000000e+000
  +1.00000000000000000000e+000
  +1.00000000000000000000e+000
  +1.00000000000000000000e+000
  +1.00000000000000000000e+000
  +1.00000000000000000000e+000
  +1.00000000000000000000e+000
  +1.00000000000000000000e+000
  +1.00000000000000000000e+000
  +1.00000000000000000000e+000
  +1.00000000000000000000e+000
  +1.00000000000000000000e+000
  +1.00000000000000000000e+000
  +1.00000000000000000000e+000
  +1.00000000000000000000e+000
  +1.00000000000000000000e+000
  +1.00000000000000000000e+000
  +1.00000000000000000000e+000
  +1.00000000000000000000e+000
  +1.00000000000000000000e+000
  +1.00000000000000000000e+000
  +1.00000000000000000000e+000
  +1.00000000000000000000e+000
  +1.00000000000000000000e+000
  +1.00000000000000000000e+000
  +1.00000000000000000000e+000
  +1.00000000000000000000e+000
  +1.00000000000000000000e+000
  +1.00000000000000000000e+000
  +1.00000000000000000000e+000
  +1.00000000000000000000e+000
  +1.00000000000000000000e+000
  +1.00000000000000000000e+000
  +1.00000000000000000000e+000
  +1.00000000000000000000e+000
  +1.00000000000000000000e+000
  +1.00000000000000000000e+000
  +1.00000000000000000000e+000
  +1.00000000000000000000e+000
  +1.00000000000000000000e+000
  +1.00000000000000000000e+000
  +1.00000000000000000000e+000
  +1.00000000000000000000e+000
  +1.00000000000000000000e+000
  +1.00000000000000000000e+000
  +1.00000000000000000000e+000
  +1.00000000000000000000e+000
  +1.00000000000000000000e+000
  +1.00000000000000000000e+000
  +1.00000000000000000000e+000
  +1.00000000000000000000e+000
  +1.00000000000000000000e+000
  +1.00000000000000000000e+000
  +1.00000000000000000000e+000
  +1.00000000000000000000e+000
  +1.00000000000000000000e+000
  +1.00000000000000000000e+000
  +1.00000000000000000000e+000
  +1.00000000000000000000e+000
  +1.00000000000000000000e+000
  +1.00000000000000000000e+000
  +1.00000000000000000000e+000
  +1.00000000000000000000e+000
  +1.00000000000000000000e+000
  +1.00000000000000000000e+000
  +1.00000000000000000000e+000
  +1.00000000000000000000e+000
  +1.00000000000000000000e+000
  +1.00000000000000000000e+000
  +1.00000000000000000000e+000
  +1.00000000000000000000e+000
  +1.00000000000000000000e+000
  +1.00000000000000000000e+000
  +1.00000000000000000000e+000
  +1.00000000000000000000e+000
  +1.00000000000000000000e+000
  +1.00000000000000000000e+000
  +1.00000000000000000000e+000
  +1.00000000000000000000e+000
  +1.00000000000000000000e+000
  +1.00000000000000000000e+000
  +1.00000000000000000000e+000
  +1.00000000000000000000e+000
  +1.00000000000000000000e+000
  +1.00000000000000000000e+000
  +1.00000000000000000000e+000
  +1.00000000000000000000e+000
  +1.00000000000000000000e+000
  +1.00000000000000000000e+000
  +1.00000000000000000000e+000
  +1.00000000000000000000e+000
  +1.00000000000000000000e+000
  +1.00000000000000000000e+000
  +1.00000000000000000000e+000
  +1.00000000000000000000e+000
  +1.00000000000000000000e+000
  +1.00000000000000000000e+000
  +1.00000000000000000000e+000
  +1.00000000000000000000e+000
  +1.00000000000000000000e+000
  +1.00000000000000000000e+000
  +1.00000000000000000000e+000
  +1.00000000000000000000e+000
  +1.00000000000000000000e+000
  +1.00000000000000000000e+000
  +1.00000000000000000000e+000
  +1.00000000000000000000e+000
  +1.00000000000000000000e+000
  +1.00000000000000000000e+000
  +1.00000000000000000000e+000
  +1.00000000000000000000e+000
  +1.00000000000000000000e+000
  +1.00000000000000000000e+000
  +1.00000000000000000000e+000
  +1.00000000000000000000e+000
  +1.00000000000000000000e+000
  +1.00000000000000000000e+000
  +1.00000000000000000000e+000
  +1.00000000000000000000e+000
  +1.00000000000000000000e+000
  +1.00000000000000000000e+000
  +1.00000000000000000000e+000
  +1.00000000000000000000e+000
  +1.00000000000000000000e+000
  +1.00000000000000000000e+000
  +1.00000000000000000000e+000
  +1.00000000000000000000e+000
  +1.00000000000000000000e+000
  +1.00000000000000000000e+000
  +1.00000000000000000000e+000
  +1.00000000000000000000e+000
  +1.00000000000000000000e+000
  +1.00000000000000000000e+000
  +1.00000000000000000000e+000
  +1.00000000000000000000e+000
  +1.00000000000000000000e+000
  +1.00000000000000000000e+000
  +1.00000000000000000000e+000
  +1.00000000000000000000e+000
  +1.00000000000000000000e+000
  +1.00000000000000000000e+000
  +1.00000000000000000000e+000
  +1.00000000000000000000e+000
  +1.00000000000000000000e+000
  +1.00000000000000000000e+000
  +1.00000000000000000000e+000
  +1.00000000000000000000e+000
  +1.00000000000000000000e+000
  +1.00000000000000000000e+000
  +1.00000000000000000000e+000
  +1.00000000000000000000e+000
  +1.00000000000000000000e+000
  +1.00000000000000000000e+000
  +1.00000000000000000000e+000
  +1.00000000000000000000e+000
  +1.00000000000000000000e+000
  +1.00000000000000000000e+000
  +1.00000000000000000000e+000
  +1.00000000000000000000e+000
  +1.00000000000000000000e+000
  +1.00000000000000000000e+000
  +1.00000000000000000000e+000
  +1.00000000000000000000e+000
  +1.00000000000000000000e+000
  +1.00000000000000000000e+000
  +1.00000000000000000000e+000
  +1.00000000000000000000e+000
  +1.00000000000000000000e+000
  +1.00000000000000000000e+000
  +1.00000000000000000000e+000
  +1.00000000000000000000e+000
  +1.00000000000000000000e+000
  +1.00000000000000000000e+000
  +1.00000000000000000000e+000
  +1.00000000000000000000e+000
  +1.00000000000000000000e+000
</dep>
<dep Pr2.v acfrequency>
  +1.11696402910348387870e-005+j3.34208251396799112254e-003
  +1.22472538399138083492e-005+j3.49958623906986877883e-003
  +1.34288309306843198655e-005+j3.66451232733417840357e-003
  +1.47244012384106200207e-005+j3.83721050118686997019e-003
  +1.61449619739116069506e-005+j4.01804695270158163112e-003
  +1.77025712077784012357e-005+j4.20740511797367076202e-003
  +1.94104501936576710806e-005+j4.40568648772026762173e-003
  +2.12830955581303911633e-005+j4.61331145577380859896e-003
  +2.33364023080112335568e-005+j4.83072020720912327640e-003
  +2.55877986974081045779e-005+j5.05837364791945041931e-003
  +2.80563940971803422943e-005+j5.29675437753447317379e-003
  +3.07631411193563298646e-005+j5.54636770765379403386e-003
  +3.37310133695346048050e-005+j5.80774272745200690476e-003
  +3.69852003323006470453e-005+j6.08143341879667596178e-003
  +4.05533210393425468283e-005+j6.36801982310790468805e-003
  +4.44656583284448064276e-005+j6.66810926227774311559e-003
  +4.87554156751921326457e-005+j6.98233761605914285409e-003
  +5.34589987694600627549e-005+j7.31137065842723046782e-003
  +5.86163242171768104211e-005+j7.65590545551028071186e-003
  +6.42711579761199056993e-005+j8.01667182778316791958e-003
  +7.04714863845361998238e-005+j8.39443387931210899255e-003
  +7.72699229151844292152e-005+j8.78999159693552231665e-003
  +8.47241540872215764032e-005+j9.20418252236100513375e-003
  +9.28974282966178320671e-005+j9.63788350025220584560e-003
  +1.01859091685134421222e-004+j1.00920125054706263240e-002
  +1.11685175561216618349e-004+j1.05675305527250067150e-002
  +1.22459040316572265921e-004+j1.10654436919636004616e-002
  +1.34272081253142511019e-004+j1.15868050929209317340e-002
  +1.47224502250316828392e-004+j1.21327172222983094285e-002
  +1.61426163765635650917e-004+j1.27043341171148189972e-002
  +1.76997512278201656229e-004+j1.33028637578097817806e-002
  +1.94070598957320688627e-004+j1.39295705447060012838e-002
  +2.12790196074611842559e-004+j1.45857778814524104843e-002
  +2.33315020481470196314e-004+j1.52728708690503863638e-002
  +2.55819074351284038785e-004+j1.59922991140261649967e-002
  +2.80493114343585367172e-004+j1.67455796542368522128e-002
  +3.07546261392203684921e-004+j1.75343000056833557554e-002
  +3.37207764458844654661e-004+j1.83601213335433423313e-002
  +3.69728932835160456569e-004+j1.92247817504226821417e-002
  +4.05385252928665664515e-004+j2.01300997445460656821e-002
  +4.44478706939594695336e-004+j2.10779777402546851517e-002
  +4.87340312436348283790e-004+j2.20704057927402566563e-002
  +5.34332903576287569433e-004+j2.31094654184047128276e-002
  +5.85854176606528682242e-004+j2.41973335615782540742e-002
  +6.42340024326598277825e-004+j2.53362866975361325506e-002
  +7.04268186412173430831e-004+j2.65287050708054965298e-002
  +7.72162244897572555558e-004+j2.77770770666232492963e-002
  +8.46595996705145725607e-004+j2.90840037120666840276e-002
  +9.28198237902921950530e-004+j3.04522033017986387682e-002
  +1.01765799737801323176e-003+j3.18845161415127267834e-002
  +1.11573026084161642559e-003+j3.33839093999887745468e-002
  +1.22324222954018550606e-003+j3.49534820581305569198e-002
  +1.34110016174244931278e-003+j3.65964699404003127037e-002
  +1.47029684900736967550e-003+j3.83162508106308433153e-002
  +1.61191978341394663056e-003+j4.01163495102157263705e-002
  +1.76716007634622083652e-003+j4.20004431120766727470e-002
  +1.93732219406602540479e-003+j4.39723660584963801923e-002
  +2.12383458015544691194e-003+j4.60361152447899615869e-002
  +2.32826123994474493487e-003+j4.81958550037585239934e-002
  +2.55231436722295080416e-003+j5.04559219378044668258e-002
  +2.79786809880683924254e-003+j5.28208295363535376699e-002
  +3.06697348785223491974e-003+j5.52952725056767083189e-002
  +3.36187479204131138208e-003+j5.78841307261666326855e-002
  +3.68502717785816223325e-003+j6.05924727384236153083e-002
  +4.03911594692886889019e-003+j6.34255586439420732114e-002
  +4.42707739467279332707e-003+j6.63888422885530599116e-002
  +4.85212141506590702994e-003+j6.94879725768378225803e-002
  +5.31775596788142037447e-003+j7.27287937432450626307e-002
  +5.82781352601299731248e-003+j7.61173443803645627392e-002
  +6.38647961999575138059e-003+j7.96598549964731700301e-002
  +6.99832359413165606965e-003+j8.33627438428191230857e-002
  +7.66833168311226685832e-003+j8.72326107158902103178e-002
  +8.40194250901732213321e-003+j9.12762284008957619497e-002
  +9.20508508522654110562e-003+j9.55005313796749577548e-002
  +1.00842193951470541352e-002+j9.99126013790932882008e-002
  +1.10463795885984844558e-002+j1.04519649284634891240e-001
  +1.20992198059022264961e-002+j1.09328992888394843641e-001
  +1.32510625976873259307e-002+j1.14348029881233617666e-001
  +1.45109498554367253448e-002+j1.19584205435875709500e-001
  +1.58886961019253543370e-002+j1.25044973661903008333e-001
  +1.73949439097931916887e-002+j1.30737752145921259928e-001
  +1.90412211181907355118e-002+j1.36669868722110454673e-001
  +2.08399993991847942709e-002+j1.42848499551891605641e-001
  +2.28047535847271526377e-002+j1.49280597529173331139e-001
  +2.49500209987117624322e-002+j1.55972809973006526496e-001
  +2.72914598442554126589e-002+j1.62931384526814854175e-001
  +2.98459054713092926392e-002+j1.70162062158129012701e-001
  +3.26314230919225733984e-002+j1.77669956151619845564e-001
  +3.56673552184992165293e-002+j1.85459416019291417621e-001
  +3.89743617738302211562e-002+j1.93533875324587101296e-001
  +4.25744504616629437788e-002+j2.01895682543115184693e-001
  +4.64909945962647744300e-002+j2.10545914274570644675e-001
  +5.07487351747715129124e-002+j2.19484170392610367095e-001
  +5.53737635464878058533e-002+j2.28708351087548750202e-001
  +6.03934806025201234569e-002+j2.38214416237206655369e-001
  +6.58365279962309229989e-002+j2.47996128150486300212e-001
  +7.17326865352644477136e-002+j2.58044779481581332270e-001
  +7.81127365915920690576e-002+j2.68348909022870119045e-001
  +8.50082751970321348622e-002+j2.78894009159497358041e-001
  +9.24514844757280823684e-002+j2.89662230009302912315e-001
  +1.00474846267220613294e-001+j3.00632086668736975277e-001
  +1.09110798275254369805e-001+j3.11778177515667553887e-001
  +1.18391327903249771181e-001+j3.23070923143131183419e-001
  +1.28347501172150157966e-001+j3.34476337152593006241e-001
  +1.39008925819100542798e-001+j3.45955841635490146668e-001
  +1.50403149891899512447e-001+j3.57466141605739085030e-001
  +1.62554999907885550092e-001+j3.68959173775138538076e-001
  +1.75485865927413581256e-001+j3.80382145726004594621e-001
  +1.89212944647690756161e-001+j3.91677681551349909927e-001
  +2.03748455743760409353e-001+j4.02784089216286333990e-001
  +2.19098850997312966093e-001+j4.13635763068149364674e-001
  +2.35264040019980746887e-001+j4.24163731940223331929e-001
  +2.52236660288668257390e-001+j4.34296359062665005002e-001
  +2.70001422403652047155e-001+j4.43960194503580152237e-001
  +2.88534563558761614210e-001+j4.53080974209595976898e-001
  +3.07803442778215308184e-001+j4.61584752122612074210e-001
  +3.27766310168651708867e-001+j4.69399143679533059625e-001
  +3.48372278989628803014e-001+j4.76454650749891461814e-001
  +3.69561523634385546977e-001+j4.82686030337958982273e-001
  +3.91265718693874497980e-001+j4.88033662843907090068e-001
  +4.13408724426177598410e-001+j4.92444871020603025524e-001
  +4.35907512670078878259e-001+j4.95875138586180708167e-001
  +4.58673315229143785388e-001+j4.98289178214669115086e-001
  +4.81612964867265402891e-001+j4.99661802561520207444e-001
  +5.04630388228058057720e-001+j4.99978559045142934014e-001
  +5.27628201124288431778e-001+j4.99236098957833662748e-001
  +5.50509350516711903900e-001+j4.97442263494347614028e-001
  +5.73178744668017992048e-001+j4.94615882608730073056e-001
  +5.95544813677561846177e-001+j4.90786296242386954614e-001
  +6.17520946809705484348e-001+j4.85992620377048933911e-001
  +6.39026760338227028946e-001+j4.80282791602881786730e-001
  +6.59989159387658785860e-001+j4.73712432682983630716e-001
  +6.80343168618606553011e-001+j4.66343587425195382767e-001
  +7.00032518650278601235e-001+j4.58243375819472054111e-001
  +7.19009986928462851985e-001+j4.49482619937183469627e-001
  +7.37237502528339416763e-001+j4.40134487849016653449e-001
  +7.54686033502895869951e-001+j4.30273197327653456057e-001
  +7.71335282439187142067e-001+j4.19972814005438344065e-001
  +7.87173220680450480558e-001+j4.09306170640044597597e-001
  +8.02195494232639250143e-001+j3.98343925854896030447e-001
  +8.16404734888925842640e-001+j3.87153772731028078535e-001
  +8.29809808885405897350e-001+j3.75799800376439840921e-001
  +8.42425032825692698957e-001+j3.64342005393727907947e-001
  +8.54269383083835598391e-001+j3.52835945177639997983e-001
  +8.65365720800453819272e-001+j3.41332521251586584743e-001
  +8.75740050268398628752e-001+j3.29877878349399633606e-001
  +8.85420824242852400054e-001+j3.18513403548359719242e-001
  +8.94438305719738591115e-001+j3.07275809299954516529e-001
  +9.02823992151629672875e-001+j2.96197284503122715282e-001
  +9.10610104997418789985e-001+j2.85305698635706705968e-001
  +9.17829144965338294959e-001+j2.74624845229877845298e-001
  +9.24513511303346802173e-001+j2.64174712493272623171e-001
  +9.30695181982818642297e-001+j2.53971770511580152707e-001
  +9.36405450558732921351e-001+j2.44029266119105747723e-001
  +9.41674714810149304789e-001+j2.34357518115748203469e-001
  +9.46532311903271583731e-001+j2.24964206989288317828e-001
  +9.51006394712034519578e-001+j2.15854654637912590776e-001
  +9.55123844018920475918e-001+j2.07032090762377496418e-001
  +9.58910211549373170392e-001+j1.98497903605326597720e-001
  +9.62389689122181923864e-001+j1.90251873561055856454e-001
  +9.65585099588770034984e-001+j1.82292388872698385427e-001
  +9.68517905657082067705e-001+j1.74616643189306502970e-001
  +9.71208233128053266547e-001+j1.67220815188594801315e-001
  +9.73674905497648568442e-001+j1.60100230798689513456e-001
  +9.75935487283239977430e-001+j1.53249508790289201698e-001
  +9.78006333811757166963e-001+j1.46662690674359968979e-001
  +9.79902645553863416161e-001+j1.40333355943634885410e-001
  +9.81638525401094308442e-001+j1.34254723751007998267e-001
  +9.83227037561012817690e-001+j1.28419742134951775370e-001
  +9.84680266989826580293e-001+j1.22821165890372396845e-001
  +9.86009378494332566767e-001+j1.17451624150339412056e-001
  +9.87224674817822056561e-001+j1.12303678696058312214e-001
  +9.88335653180310802490e-001+j1.07369873954285807716e-001
  +9.89351059874907456937e-001+j1.02642779577059264917e-001
  +9.90278942632050296346e-001+j9.81150264312186937143e-002
  +9.91126700554348816219e-001+j9.37793367570861763349e-002
  +9.91901131499358212906e-001+j8.96285491885875779117e-002
  +9.92608476848058307596e-001+j8.56556392623161189093e-002
  +9.93254463645170782016e-001+j8.18537359814133919089e-002
  +9.93844344135573987131e-001+j7.82161349422529073028e-002
  +9.94382932750588199866e-001+j7.47363084780572756172e-002
  +9.94874640620233341437e-001+j7.14079132239202468702e-002
  +9.95323507703942067515e-001+j6.82247954622280800008e-002
  +9.95733232643702836917e-001+j6.51809945660879047624e-002
  +9.96107200451121665985e-001+j6.22707448209075392631e-002
  +9.96448508144201272607e-001+j5.94884758705157556946e-002
  +9.96759988451387246577e-001+j5.68288120039268720984e-002
  +9.97044231700170757726e-001+j5.42865704717745978236e-002
  +9.97303606005721432481e-001+j5.18567589973208190046e-002
  +9.97540275872022319525e-001+j4.95345726255102258850e-002
  +9.97756219314111181262e-001+j4.73153900345593403376e-002
  +9.97953243605534279226e-001+j4.51947694177921160952e-002
  +9.98132999750213079082e-001+j4.31684440286446147184e-002
  +9.98296995772757989052e-001+j4.12323174687524093840e-002
  +9.98446608915981914656e-001+j3.93824587876153431321e-002
  +9.98583096829055882893e-001+j3.76150974523300138386e-002
  +9.98707607824507848093e-001+j3.59266182371350828451e-002
  +9.98821190277133341695e-001+j3.43135560748800833020e-002
  +9.98924801232926928840e-001+j3.27725909058829631415e-002
  +9.99019314291374915804e-001+j3.13005425538598960888e-002
  +9.99105526819899059099e-001+j2.98943656535980289979e-002
  +9.99184166554924702019e-001+j2.85511446506992831729e-002
  +9.99255897639966361723e-001+j2.72680888899718976148e-002
  +9.99321326147285193819e-001+j2.60425278058116320412e-002
  +9.99381005126074195566e-001+j2.48719062251329357804e-002
  +9.99435439216761589698e-001+j2.37537797910238115962e-002
  +9.99485088867882676134e-001+j2.26858105132560598782e-002
  +9.99530374189055992318e-001+j2.16657624500433375336e-002
  +9.99571678470883684398e-001+j2.06914975239589384037e-002
  +9.99609351400087997597e-001+j1.97609714736744629393e-002
  +9.99643711995869654885e-001+j1.88722299421259891161e-002
  +9.99675051291326832725e-001+j1.80234047008310908911e-002
  +9.99703634781791694586e-001+j1.72127100093447393814e-002
  +9.99729704660114126824e-001+j1.64384391082344240298e-002
  +9.99753481857240888786e-001+j1.56989608434576488616e-002
  +9.99775167904889849879e-001+j1.49927164196222706405e-002
  +9.99794946635697345805e-001+j1.43182162792887830022e-002
  +9.99812985734909620561e-001+j1.36740371052231270838e-002
  +9.99829438156489391787e-001+j1.30588189423160062896e-002
  +9.99844443415407790887e-001+j1.24712624357445015649e-002
  +9.99858128766885512206e-001+j1.19101261818540579002e-002
  +9.99870610282418081916e-001+j1.13742241881778158308e-002
  +9.99881993831576498799e-001+j1.08624234389802284267e-002
  +9.99892375977798342213e-001+j1.03736415627075553164e-002
  +9.99901844795672012367e-001+j9.90684459774519854403e-003
  +9.99910480616571062384e-001+j9.46104485291678759529e-003
  +9.99918356708897726470e-001+j9.03529885921025913142e-003
  +9.99925539898653181758e-001+j8.62870540927753761073e-003
  +9.99932091135554923511e-001+j8.24040368132608960772e-003
  +9.99938066009466997031e-001+j7.86957144409958404829e-003
  +9.99943515221494494405e-001+j7.51542333972972289441e-003
  +9.99948485013712362601e-001+j7.17720924133057394667e-003
  +9.99953017561156287663e-001+j6.85421268229908196845e-003
  +9.99957151329381010996e-001+j6.54574935437987615039e-003
  +9.99960921400608659937e-001+j6.25116567164823652702e-003
  +9.99964359771219557516e-001+j5.96983739766083348899e-003
  +9.99967495623102942126e-001+j5.70116833312018633090e-003
  +9.99970355571159319474e-001+j5.44458906149348619702e-003
  +9.99972963889050103781e-001+j5.19955575012065289442e-003
  +9.99975342715102799573e-001+j4.96554900443895060047e-003
  +9.99977512240115773423e-001+j4.74207277304217623276e-003
  +9.99979490878651788854e-001+j4.52865330138110550734e-003
  +9.99981295425270921839e-001+j4.32483813199845742309e-003
  +9.99982941197026131697e-001+j4.13019514927580235625e-003
  +9.99984442163429299022e-001+j3.94431166675149238315e-003
  +9.99985811064986962471e-001+j3.76679355514825857723e-003
  +9.99987059521313392807e-001+j3.59726440932554153429e-003
  +9.99988198129733496522e-001+j3.43536475244607007393e-003
  +9.99989236555215099678e-001+j3.28075127571775607138e-003
  +9.99990183612390670653e-001+j3.13309611214110730892e-003
  +9.99991047340364147544e-001+j2.99208614275898229090e-003
</dep>
<dep V1.i acfrequency>
  -5.31908952318994095870e-003+j1.77770346487659114518e-005
  -5.31908379120297862552e-003+j1.86148204205844095514e-005
  -5.31907750621845362010e-003+j1.94920868475222249742e-005
  -5.31907061488702970903e-003+j2.04106941552493090729e-005
  -5.31906305871290494003e-003+j2.13725901739445840093e-005
  -5.31905477355740490680e-003+j2.23798144573067595887e-005
  -5.31904568909471412580e-003+j2.34345025942567430292e-005
  -5.31903572821511641533e-003+j2.45388907222011100014e-005
  -5.31902480637070230324e-003+j2.56953202511123556906e-005
  -5.31901283085799234801e-003+j2.69062428080821827931e-005
  -5.31899970003139790226e-003+j2.81742254124174083363e-005
  -5.31898530244085451096e-003+j2.95019558917755009731e-005
  -5.31896951588633256497e-003+j3.08922485502766347790e-005
  -5.31895220638121078716e-003+j3.23480500999823183689e-005
  -5.31893322701574786104e-003+j3.38724458675952353956e-005
  -5.31891241671101841493e-003+j3.54686662887113986859e-005
  -5.31888959885279139633e-003+j3.71400937024422492239e-005
  -5.31886457979377936384e-003+j3.88902694597193101340e-005
  -5.31883714721161082739e-003+j4.07229013590972382616e-005
  -5.31880706830863744100e-003+j4.26418714243785530521e-005
  -5.31877408783837987011e-003+j4.46512440388941984990e-005
  -5.31873792594194077371e-003+j4.67552744517846921644e-005
  -5.31869827577613127345e-003+j4.89584176721330054539e-005
  -5.31865480091331561951e-003+j5.12653377672989642362e-005
  -5.31860713249103674027e-003+j5.36809175822905662741e-005
  -5.31855486608744012361e-003+j5.62102688974734393968e-005
  -5.31849755829618808106e-003+j5.88587430423595725981e-005
  -5.31843472297205757671e-003+j6.16319419836219709648e-005
  -5.31836582711568955223e-003+j6.45357299058420708516e-005
  -5.31829028636294880161e-003+j6.75762453038022324571e-005
  -5.31820746004107308691e-003+j7.07599136053711834328e-005
  -5.31811664575022706447e-003+j7.40934603441808625063e-005
  -5.31801707342513529930e-003+j7.75839249013426127078e-005
  -5.31790789882722637893e-003+j8.12386748353744001655e-005
  -5.31778819641302510912e-003+j8.50654208192881070710e-005
  -5.31765695151944876862e-003+j8.90722322033875031199e-005
  -5.31751305180110534626e-003+j9.32675532217199805942e-005
  -5.31735527784862275352e-003+j9.76602198592730908746e-005
  -5.31718229291045126061e-003+j1.02259477395865323044e-004
  -5.31699263163335801574e-003+j1.07074998641202472419e-004
  -5.31678468772904446599e-003+j1.12116902873695128019e-004
  -5.31655670046576357690e-003+j1.17395775493299238976e-004
  -5.31630673987459369256e-003+j1.22922688395769749660e-004
  -5.31603269054996534909e-003+j1.28709221072224752830e-004
  -5.31573223391315630160e-003+j1.34767482433702841943e-004
  -5.31540282879567997643e-003+j1.41110133355348393294e-004
  -5.31504169018671458746e-003+j1.47750409928847065534e-004
  -5.31464576597497247168e-003+j1.54702147404610026614e-004
  -5.31421171150051659809e-003+j1.61979804796801279271e-004
  -5.31373586171607435041e-003+j1.69598490114429399514e-004
  -5.31321420074020410451e-003+j1.77573986170153041682e-004
  -5.31264232856627511420e-003+j1.85922776904949755856e-004
  -5.31201542467158241423e-003+j1.94662074151065483301e-004
  -5.31132820824996038783e-003+j2.03809844737398086593e-004
  -5.31057489476907500225e-003+j2.13384837820296404754e-004
  -5.30974914853007354948e-003+j2.23406612298280161499e-004
  -5.30884403088262724763e-003+j2.33895564140938197126e-004
  -5.30785194372257723011e-003+j2.44872953429733854376e-004
  -5.30676456787263460535e-003+j2.56360930871055983302e-004
  -5.30557279591902658522e-003+j2.68382563498959902243e-004
  -5.30426665904889984432e-003+j2.80961859235923062331e-004
  -5.30283524740504143280e-003+j2.94123789923812263298e-004
  -5.30126662344658841630e-003+j3.07894312373226748843e-004
  -5.29954772777735047540e-003+j3.22300386906508595525e-004
  -5.29766427687803753005e-003+j3.37369992786925925951e-004
  -5.29560065215599600624e-003+j3.53132139832729034009e-004
  -5.29333977970709596700e-003+j3.69616875408711794554e-004
  -5.29086300017084319031e-003+j3.86855285868324802381e-004
  -5.28814992805312199947e-003+j4.04879491384917860382e-004
  -5.28517829989363918664e-003+j4.23722632959963650765e-004
  -5.28192381066951242158e-003+j4.43418850227761298776e-004
  -5.27835993785578591608e-003+j4.64003248488777727144e-004
  -5.27445775261160994252e-003+j4.85511853196254037929e-004
  -5.27018571763177359757e-003+j5.07981549891888114687e-004
  -5.26550947130240924038e-003+j5.31450007335602546063e-004
  -5.26039159793298665563e-003+j5.55955581301249444556e-004
  -5.25479138401115791757e-003+j5.81537196214866212648e-004
  -5.24866456065059897029e-003+j6.08234201495923493611e-004
  -5.24196303268384747320e-003+j6.36086199126998427106e-004
  -5.23463459520252458179e-003+j6.65132838627143668266e-004
  -5.22662263877769588116e-003+j6.95413575244262032425e-004
  -5.21786584511600703973e-003+j7.26967386819736419504e-004
  -5.20829787553625089130e-003+j7.59832444424955277644e-004
  -5.19784705540038763361e-003+j7.94045731538155956722e-004
  -5.18643605851749033009e-003+j8.29642606239396366782e-004
  -5.17398159657310972859e-003+j8.66656300674547045923e-004
  -5.16039411983346130164e-003+j9.05117351904941480796e-004
  -5.14557753674509295305e-003+j9.45052958253297069324e-004
  -5.12942896160372731329e-003+j9.86486255421762910436e-004
  -5.11183850120303095999e-003+j1.02943550704567604766e-003
  -5.09268909328902674716e-003+j1.07391320501657003446e-003
  -5.07185641172199549315e-003+j1.11992507592856716664e-003
  -5.04920885545334305333e-003+j1.16746899145005514874e-003
  -5.02460764071017106092e-003+j1.21653378238057840316e-003
  -4.99790701807170147097e-003+j1.26709795870854594231e-003
  -4.96895463831792047471e-003+j1.31912834122599096319e-003
  -4.93759209289752927508e-003+j1.37257861426373054155e-003
  -4.90365565642770194488e-003+j1.42738781395143686341e-003
  -4.86697725959025443571e-003+j1.48347877212498600701e-003
  -4.82738572087378688819e-003+j1.54075654260267492709e-003
  -4.78470826453606008777e-003+j1.59910684398264341631e-003
  -4.73877234959971076200e-003+j1.65839456125355068014e-003
  -4.68940783030186245789e-003+j1.71846235714431480081e-003
  -4.63644946185026544938e-003+j1.77912945293932445515e-003
  -4.57973975628137974087e-003+j1.84019064699728800497e-003
  -4.51913218142606636779e-003+j1.90141564683903767710e-003
  -4.45449468134103375438e-003+j1.96254879667626894874e-003
  -4.38571347910950235655e-003+j2.02330928577662029488e-003
  -4.31269710293781527444e-003+j2.08339192314547800439e-003
  -4.23538055455446611069e-003+j2.14246855966109765040e-003
  -4.15372951597173939442e-003+j2.20019022908590072829e-003
  -4.06774446797882570370e-003+j2.25619006351182637207e-003
  -3.97746457293261541227e-003+j2.31008701629077141393e-003
  -3.88297115742738258026e-003+j2.36149039629563904305e-003
  -3.78439061936828918462e-003+j2.41000518196593602888e-003
  -3.68189658096693996081e-003+j2.45523804320538349341e-003
  -3.57571111612419324094e-003+j2.49680395574219688576e-003
  -3.46610489899133603423e-003+j2.53433324866963538904e-003
  -3.35339615088092778475e-003+j2.56747888477637737151e-003
  -3.23794830481981656470e-003+j2.59592373853142046117e-003
  -3.12016635943522567878e-003+j2.61938761181171797174e-003
  -3.00049195388255897365e-003+j2.63763371588393970638e-003
  -2.87939725941944784857e-003+j2.65047435220568681005e-003
  -2.75737784645071603434e-003+j2.65777554554000100193e-003
  -2.63494474346777623336e-003+j2.65946042045288799302e-003
  -2.51261595146655067334e-003+j2.65551116466932780880e-003
  -2.39090771001748995592e-003+j2.64596948667206177674e-003
  -2.27032582623394683236e-003+j2.63093554579111720687e-003
  -2.15135737405552224244e-003+j2.61056540554461136844e-003
  -2.03446304888454509302e-003+j2.58506712966515396837e-003
  -1.92007042373283469405e-003+j2.55469570001532874509e-003
  -1.80856830112947463557e-003+j2.51974698235629592652e-003
  -1.70030229458188004640e-003+j2.48055099694252873324e-003
  -1.59557170930702853229e-003+j2.43746476499719175873e-003
  -1.49462772910392100931e-003+j2.39086499966586953775e-003
  -1.39767285889181181596e-003+j2.34114089281391851705e-003
  -1.30486152392076618783e-003+j2.28868721982794379524e-003
  -1.21630168915325999335e-003+j2.23389794683743776044e-003
  -1.13205733680611479730e-003+j2.17716048212789666655e-003
  -1.05215162642213148209e-003+j2.11885066944093609226e-003
  -9.76570559101458228468e-004+j2.05932857835653239723e-003
  -9.05266974013798492171e-004+j1.99893510838531837659e-003
  -8.38164719012273080889e-004+j1.93798939039216975080e-003
  -7.75162855937044578680e-004+j1.87678694243425528074e-003
  -7.16139782976309841045e-004+j1.81559851729567317546e-003
  -6.60957179423411235464e-004+j1.75466956568829583578e-003
  -6.09463700835891249163e-004+j1.69422023164021132331e-003
  -5.61498373831177503834e-004+j1.63444579414869428299e-003
  -5.16893658767927401121e-004+j1.57551747076129108026e-003
  -4.75478164907346990964e-004+j1.51758350338141866261e-003
  -4.37079016141817856822e-004+j1.46077045335041397385e-003
  -4.01523876046027371201e-004+j1.40518464092166282461e-003
  -3.68642649027560616315e-004+j1.35091367293393689944e-003
  -3.38268880006739429411e-004+j1.29802801127183904673e-003
  -3.10240878669418296276e-004+j1.24658254316887336273e-003
  -2.84402596259193500561e-004+j1.19661812228344854522e-003
  -2.60604283446624895859e-004+j1.14816305658464149105e-003
  -2.38702957346167976560e-004+j1.10123452533179518910e-003
  -2.18562704524610795787e-004+j1.05583991279429027961e-003
  -2.00054845094777000725e-004+j1.01197805085668016134e-003
  -1.83057980910797390983e-004+j9.69640366344140373391e-004
  -1.67457948632542506784e-004+j9.28811931858013260614e-004
  -1.53147696127376407860e-004+j8.89472421215929741171e-004
  -1.40027098416762620092e-004+j8.51596972333454891105e-004
  -1.28002727216808796784e-004+j8.15156961650474460972e-004
  -1.16987586107674366998e-004+j7.80120695076382767580e-004
  -1.06900821522003253161e-004+j7.46454020976781312292e-004
  -9.76674180792856672095e-005+j7.14120871015999940032e-004
  -8.92178853137614788493e-005+j6.83083734760381788495e-004
  -8.14879415434758766490e-005+j6.53304073884959516164e-004
  -7.44181994982310093811e-005+j6.24742681650741565023e-004
  -6.79538573520105035342e-005+j5.97359993064139923984e-004
  -6.20443979770703840648e-005+j5.71116350820669157681e-004
  -5.66432985377261083437e-005+j5.45972231792868465013e-004
  -5.17077519571794777531e-005+j5.21888438463929201123e-004
  -4.71984013066554727867e-005+j4.98826259346203107134e-004
  -4.30790877693713186725e-005+j4.76747602066955177436e-004
  -3.93166125103282249054e-005+j4.55615102459128293224e-004
  -3.58805125256871082495e-005+j4.35392212667092481319e-004
  -3.27428503426917608121e-005+j4.16043270969430325698e-004
  -2.98780172841052460431e-005+j3.97533555734347202656e-004
  -2.72625498923756773295e-005+j3.79829325659150238929e-004
  -2.48749590215846180796e-005+j3.62897848203340834920e-004
  -2.26955710441335140048e-005+j3.46707417904722897672e-004
  -2.07063805791399269118e-005+j3.31227366068657122587e-004
  -1.88909141265892338568e-005+j3.16428063141041223706e-004
  -1.72341039819823987900e-005+j3.02280914914504657276e-004
  -1.57221718076021310662e-005+j2.88758353573269148894e-004
  -1.43425212461622056392e-005+j2.75833824453834155176e-004
  -1.30836389786049417383e-005+j2.63481769284628871471e-004
  -1.19350036483448912472e-005+j2.51677606566804985648e-004
  -1.08870020982219928296e-005+j2.40397709669107003966e-004
  -9.93085239248386181243e-006+j2.29619383131088376738e-004
  -9.05853312362786544654e-006+j2.19320837599746865923e-004
  -8.26271853201099998332e-006+j2.09481163763911389835e-004
  -7.53671899438382308922e-006+j2.00080305597500073033e-004
  -6.87442646538343610230e-006+j1.91099033176250423941e-004
  -6.27026448333286440251e-006+j1.82518915291915342480e-004
  -5.71914237804810321464e-006+j1.74322292052568952880e-004
  -5.21641334375044785077e-006+j1.66492247626914325904e-004
  -4.75783606436637473980e-006+j1.59012583263819310677e-004
  -4.33953960146411105159e-006+j1.51867790695208961698e-004
  -3.95799127677481932253e-006+j1.45043026010488820560e-004
  -3.60996730167442714254e-006+j1.38524084073466129032e-004
  -3.29252592513699926524e-006+j1.32297373537941135658e-004
  -3.00298288956595688104e-006+j1.26349892505445816166e-004
  -2.73888900062437684602e-006+j1.20669204857744990990e-004
  -2.49800963268102110826e-006+j1.15243417287464559331e-004
  -2.27830600593812576671e-006+j1.10061157042334772688e-004
  -2.07791808463832911036e-006+j1.05111550391885432516e-004
  -1.89514895814011513631e-006+j1.00384201819819082681e-004
  -1.72845057804914964406e-006+j9.58691739405909072649e-005
  -1.57641073515041307829e-006+j9.15569681348124461131e-005
  -1.43774116960568992818e-006+j8.74385058948639492431e-005
  -1.31126671680352469007e-006+j8.35051108694555781859e-005
  -1.19591539952165065719e-006+j7.97484915937354821303e-005
  -1.09070938458886296241e-006+j7.61607248898339521392e-005
  -9.94756729204293588253e-007+j7.27342399213996133010e-005
  -9.07243848461032620367e-007+j6.94618028846596128256e-005
  -8.27428641447976176426e-007+j6.63365023177898987692e-005
  -7.54634218694434644181e-007+j6.33517350098620124141e-005
  -6.88243178626965490530e-007+j6.05011924903075295730e-005
  -6.27692385231186367189e-007+j5.77788480796820642254e-005
  -5.72468203200067471403e-007+j5.51789444824869970848e-005
  -5.22102150680471555066e-007+j5.26959819028999942739e-005
  -4.76166933132370073789e-007+j5.03247066644509966939e-005
  -4.34272825012259333644e-007+j4.80601003149481857159e-005
  -3.96064368865869931291e-007+j4.58973691982847756786e-005
  -3.61217364069389701431e-007+j4.38319344751387704722e-005
  -3.29436119856675591056e-007+j4.18594225749977872026e-005
  -3.00450949497314823144e-007+j3.99756560623921390184e-005
  -2.74015884508746476733e-007+j3.81766449006945411161e-005
  -2.49906589594103833996e-007+j3.64585780973355409436e-005
  -2.27918460739100214862e-007+j3.48178157147865723845e-005
  -2.07864890379265421227e-007+j3.32508812321714717535e-005
  -1.89575685002538185664e-007+j3.17544542428767735892e-005
  -1.72895621792547304896e-007+j3.03253634740435422227e-005
  -1.57683132131353209715e-007+j2.89605801143270527977e-005
  -1.43809100796969679958e-007+j2.76572114368119840577e-005
  -1.31155770730084775266e-007+j2.64124947044625013918e-005
  -1.19615744064924256485e-007+j2.52237913459690210008e-005
  -1.09091071001307660104e-007+j2.40885813903250299431e-005
  -9.94924187714893437651e-008+j2.30044581489279635026e-005
  -9.07383136908995746595e-008+j2.19691231344457575745e-005
  -8.27544498439511388987e-008+j2.09803812061249573943e-005
  -7.54730585797100395062e-008+j2.00361359316396719856e-005
  -6.88323334397875075119e-008+j1.91343851559869210363e-005
  -6.27759056725032960067e-008+j1.82732167683301595352e-005
  -5.72523658768156473720e-008+j1.74508046580731713854e-005
  -5.22148277089587442568e-008+j1.66654048518143997864e-005
  -4.76205299776433221837e-008+j1.59153518231860757271e-005
</dep>
<dep _net1.v acfrequency>
  +1.11696402910348387870e-005+j3.34208251396799112254e-003
  +1.22472538399138083492e-005+j3.49958623906986877883e-003
  +1.34288309306843198655e-005+j3.66451232733417840357e-003
  +1.47244012384106200207e-005+j3.83721050118686997019e-003
  +1.61449619739116069506e-005+j4.01804695270158163112e-003
  +1.77025712077784012357e-005+j4.20740511797367076202e-003
  +1.94104501936576710806e-005+j4.40568648772026762173e-003
  +2.12830955581303911633e-005+j4.61331145577380859896e-003
  +2.33364023080112335568e-005+j4.83072020720912327640e-003
  +2.55877986974081045779e-005+j5.05837364791945041931e-003
  +2.80563940971803422943e-005+j5.29675437753447317379e-003
  +3.07631411193563298646e-005+j5.54636770765379403386e-003
  +3.37310133695346048050e-005+j5.80774272745200690476e-003
  +3.69852003323006470453e-005+j6.08143341879667596178e-003
  +4.05533210393425468283e-005+j6.36801982310790468805e-003
  +4.44656583284448064276e-005+j6.66810926227774311559e-003
  +4.87554156751921326457e-005+j6.98233761605914285409e-003
  +5.34589987694600627549e-005+j7.31137065842723046782e-003
  +5.86163242171768104211e-005+j7.65590545551028071186e-003
  +6.42711579761199056993e-005+j8.01667182778316791958e-003
  +7.04714863845361998238e-005+j8.39443387931210899255e-003
  +7.72699229151844292152e-005+j8.78999159693552231665e-003
  +8.47241540872215764032e-005+j9.20418252236100513375e-003
  +9.28974282966178320671e-005+j9.63788350025220584560e-003
  +1.01859091685134421222e-004+j1.00920125054706263240e-002
  +1.11685175561216618349e-004+j1.05675305527250067150e-002
  +1.22459040316572265921e-004+j1.10654436919636004616e-002
  +1.34272081253142511019e-004+j1.15868050929209317340e-002
  +1.47224502250316828392e-004+j1.21327172222983094285e-002
  +1.61426163765635650917e-004+j1.27043341171148189972e-002
  +1.76997512278201656229e-004+j1.33028637578097817806e-002
  +1.94070598957320688627e-004+j1.39295705447060012838e-002
  +2.12790196074611842559e-004+j1.45857778814524104843e-002
  +2.33315020481470196314e-004+j1.52728708690503863638e-002
  +2.55819074351284038785e-004+j1.59922991140261649967e-002
  +2.80493114343585367172e-004+j1.67455796542368522128e-002
  +3.07546261392203684921e-004+j1.75343000056833557554e-002
  +3.37207764458844654661e-004+j1.83601213335433423313e-002
  +3.69728932835160456569e-004+j1.92247817504226821417e-002
  +4.05385252928665664515e-004+j2.01300997445460656821e-002
  +4.44478706939594695336e-004+j2.10779777402546851517e-002
  +4.87340312436348283790e-004+j2.20704057927402566563e-002
  +5.34332903576287569433e-004+j2.31094654184047128276e-002
  +5.85854176606528682242e-004+j2.41973335615782540742e-002
  +6.42340024326598277825e-004+j2.53362866975361325506e-002
  +7.04268186412173430831e-004+j2.65287050708054965298e-002
  +7.72162244897572555558e-004+j2.77770770666232492963e-002
  +8.46595996705145725607e-004+j2.90840037120666840276e-002
  +9.28198237902921950530e-004+j3.04522033017986387682e-002
  +1.01765799737801323176e-003+j3.18845161415127267834e-002
  +1.11573026084161642559e-003+j3.33839093999887745468e-002
  +1.22324222954018550606e-003+j3.49534820581305569198e-002
  +1.34110016174244931278e-003+j3.65964699404003127037e-002
  +1.47029684900736967550e-003+j3.83162508106308433153e-002
  +1.61191978341394663056e-003+j4.01163495102157263705e-002
  +1.76716007634622083652e-003+j4.20004431120766727470e-002
  +1.93732219406602540479e-003+j4.39723660584963801923e-002
  +2.12383458015544691194e-003+j4.60361152447899615869e-002
  +2.32826123994474493487e-003+j4.81958550037585239934e-002
  +2.55231436722295080416e-003+j5.04559219378044668258e-002
  +2.79786809880683924254e-003+j5.28208295363535376699e-002
  +3.06697348785223491974e-003+j5.52952725056767083189e-002
  +3.36187479204131138208e-003+j5.78841307261666326855e-002
  +3.68502717785816223325e-003+j6.05924727384236153083e-002
  +4.03911594692886889019e-003+j6.34255586439420732114e-002
  +4.42707739467279332707e-003+j6.63888422885530599116e-002
  +4.85212141506590702994e-003+j6.94879725768378225803e-002
  +5.31775596788142037447e-003+j7.27287937432450626307e-002
  +5.82781352601299731248e-003+j7.61173443803645627392e-002
  +6.38647961999575138059e-003+j7.96598549964731700301e-002
  +6.99832359413165606965e-003+j8.33627438428191230857e-002
  +7.66833168311226685832e-003+j8.72326107158902103178e-002
  +8.40194250901732213321e-003+j9.12762284008957619497e-002
  +9.20508508522654110562e-003+j9.55005313796749577548e-002
  +1.00842193951470541352e-002+j9.99126013790932882008e-002
  +1.10463795885984844558e-002+j1.04519649284634891240e-001
  +1.20992198059022264961e-002+j1.09328992888394843641e-001
  +1.32510625976873259307e-002+j1.14348029881233617666e-001
  +1.45109498554367253448e-002+j1.19584205435875709500e-001
  +1.58886961019253543370e-002+j1.25044973661903008333e-001
  +1.73949439097931916887e-002+j1.30737752145921259928e-001
  +1.90412211181907355118e-002+j1.36669868722110454673e-001
  +2.08399993991847942709e-002+j1.42848499551891605641e-001
  +2.28047535847271526377e-002+j1.49280597529173331139e-001
  +2.49500209987117624322e-002+j1.55972809973006526496e-001
  +2.72914598442554126589e-002+j1.62931384526814854175e-001
  +2.98459054713092926392e-002+j1.70162062158129012701e-001
  +3.26314230919225733984e-002+j1.77669956151619845564e-001
  +3.56673552184992165293e-002+j1.85459416019291417621e-001
  +3.89743617738302211562e-002+j1.93533875324587101296e-001
  +4.25744504616629437788e-002+j2.01895682543115184693e-001
  +4.64909945962647744300e-002+j2.10545914274570644675e-001
  +5.07487351747715129124e-002+j2.19484170392610367095e-001
  +5.53737635464878058533e-002+j2.28708351087548750202e-001
  +6.03934806025201234569e-002+j2.38214416237206655369e-001
  +6.58365279962309229989e-002+j2.47996128150486300212e-001
  +7.17326865352644477136e-002+j2.58044779481581332270e-001
  +7.81127365915920690576e-002+j2.68348909022870119045e-001
  +8.50082751970321348622e-002+j2.78894009159497358041e-001
  +9.24514844757280823684e-002+j2.89662230009302912315e-001
  +1.00474846267220613294e-001+j3.00632086668736975277e-001
  +1.09110798275254369805e-001+j3.11778177515667553887e-001
  +1.18391327903249771181e-001+j3.23070923143131183419e-001
  +1.28347501172150157966e-001+j3.34476337152593006241e-001
  +1.39008925819100542798e-001+j3.45955841635490146668e-001
  +1.50403149891899512447e-001+j3.57466141605739085030e-001
  +1.62554999907885550092e-001+j3.68959173775138538076e-001
  +1.75485865927413581256e-001+j3.80382145726004594621e-001
  +1.89212944647690756161e-001+j3.91677681551349909927e-001
  +2.03748455743760409353e-001+j4.02784089216286333990e-001
  +2.19098850997312966093e-001+j4.13635763068149364674e-001
  +2.35264040019980746887e-001+j4.24163731940223331929e-001
  +2.52236660288668257390e-001+j4.34296359062665005002e-001
  +2.70001422403652047155e-001+j4.43960194503580152237e-001
  +2.88534563558761614210e-001+j4.53080974209595976898e-001
  +3.07803442778215308184e-001+j4.61584752122612074210e-001
  +3.27766310168651708867e-001+j4.69399143679533059625e-001
  +3.48372278989628803014e-001+j4.76454650749891461814e-001
  +3.69561523634385546977e-001+j4.82686030337958982273e-001
  +3.91265718693874497980e-001+j4.88033662843907090068e-001
  +4.13408724426177598410e-001+j4.92444871020603025524e-001
  +4.35907512670078878259e-001+j4.95875138586180708167e-001
  +4.58673315229143785388e-001+j4.98289178214669115086e-001
  +4.81612964867265402891e-001+j4.99661802561520207444e-001
  +5.04630388228058057720e-001+j4.99978559045142934014e-001
  +5.27628201124288431778e-001+j4.99236098957833662748e-001
  +5.50509350516711903900e-001+j4.97442263494347614028e-001
  +5.73178744668017992048e-001+j4.94615882608730073056e-001
  +5.95544813677561846177e-001+j4.90786296242386954614e-001
  +6.17520946809705484348e-001+j4.85992620377048933911e-001
  +6.39026760338227028946e-001+j4.80282791602881786730e-001
  +6.59989159387658785860e-001+j4.73712432682983630716e-001
  +6.80343168618606553011e-001+j4.66343587425195382767e-001
  +7.00032518650278601235e-001+j4.58243375819472054111e-001
  +7.19009986928462851985e-001+j4.49482619937183469627e-001
  +7.37237502528339416763e-001+j4.40134487849016653449e-001
  +7.54686033502895869951e-001+j4.30273197327653456057e-001
  +7.71335282439187142067e-001+j4.19972814005438344065e-001
  +7.87173220680450480558e-001+j4.09306170640044597597e-001
  +8.02195494232639250143e-001+j3.98343925854896030447e-001
  +8.16404734888925842640e-001+j3.87153772731028078535e-001
  +8.29809808885405897350e-001+j3.75799800376439840921e-001
  +8.42425032825692698957e-001+j3.64342005393727907947e-001
  +8.54269383083835598391e-001+j3.52835945177639997983e-001
  +8.65365720800453819272e-001+j3.41332521251586584743e-001
  +8.75740050268398628752e-001+j3.29877878349399633606e-001
  +8.85420824242852400054e-001+j3.18513403548359719242e-001
  +8.94438305719738591115e-001+j3.07275809299954516529e-001
  +9.02823992151629672875e-001+j2.96197284503122715282e-001
  +9.10610104997418789985e-001+j2.85305698635706705968e-001
  +9.17829144965338294959e-001+j2.74624845229877845298e-001
  +9.24513511303346802173e-001+j2.64174712493272623171e-001
  +9.30695181982818642297e-001+j2.53971770511580152707e-001
  +9.36405450558732921351e-001+j2.44029266119105747723e-001
  +9.41674714810149304789e-001+j2.34357518115748203469e-001
  +9.46532311903271583731e-001+j2.24964206989288317828e-001
  +9.51006394712034519578e-001+j2.15854654637912590776e-001
  +9.55123844018920475918e-001+j2.07032090762377496418e-001
  +9.58910211549373170392e-001+j1.98497903605326597720e-001
  +9.62389689122181923864e-001+j1.90251873561055856454e-001
  +9.65585099588770034984e-001+j1.82292388872698385427e-001
  +9.68517905657082067705e-001+j1.74616643189306502970e-001
  +9.71208233128053266547e-001+j1.67220815188594801315e-001
  +9.73674905497648568442e-001+j1.60100230798689513456e-001
  +9.75935487283239977430e-001+j1.53249508790289201698e-001
  +9.78006333811757166963e-001+j1.46662690674359968979e-001
  +9.79902645553863416161e-001+j1.40333355943634885410e-001
  +9.81638525401094308442e-001+j1.34254723751007998267e-001
  +9.83227037561012817690e-001+j1.28419742134951775370e-001
  +9.84680266989826580293e-001+j1.22821165890372396845e-001
  +9.86009378494332566767e-001+j1.17451624150339412056e-001
  +9.87224674817822056561e-001+j1.12303678696058312214e-001
  +9.88335653180310802490e-001+j1.07369873954285807716e-001
  +9.89351059874907456937e-001+j1.02642779577059264917e-001
  +9.90278942632050296346e-001+j9.81150264312186937143e-002
  +9.91126700554348816219e-001+j9.37793367570861763349e-002
  +9.91901131499358212906e-001+j8.96285491885875779117e-002
  +9.92608476848058307596e-001+j8.56556392623161189093e-002
  +9.93254463645170782016e-001+j8.18537359814133919089e-002
  +9.93844344135573987131e-001+j7.82161349422529073028e-002
  +9.94382932750588199866e-001+j7.47363084780572756172e-002
  +9.94874640620233341437e-001+j7.14079132239202468702e-002
  +9.95323507703942067515e-001+j6.82247954622280800008e-002
  +9.95733232643702836917e-001+j6.51809945660879047624e-002
  +9.96107200451121665985e-001+j6.22707448209075392631e-002
  +9.96448508144201272607e-001+j5.94884758705157556946e-002
  +9.96759988451387246577e-001+j5.68288120039268720984e-002
  +9.97044231700170757726e-001+j5.42865704717745978236e-002
  +9.97303606005721432481e-001+j5.18567589973208190046e-002
  +9.97540275872022319525e-001+j4.95345726255102258850e-002
  +9.97756219314111181262e-001+j4.73153900345593403376e-002
  +9.97953243605534279226e-001+j4.51947694177921160952e-002
  +9.98132999750213079082e-001+j4.31684440286446147184e-002
  +9.98296995772757989052e-001+j4.12323174687524093840e-002
  +9.98446608915981914656e-001+j3.93824587876153431321e-002
  +9.98583096829055882893e-001+j3.76150974523300138386e-002
  +9.98707607824507848093e-001+j3.59266182371350828451e-002
  +9.98821190277133341695e-001+j3.43135560748800833020e-002
  +9.98924801232926928840e-001+j3.27725909058829631415e-002
  +9.99019314291374915804e-001+j3.13005425538598960888e-002
  +9.99105526819899059099e-001+j2.98943656535980289979e-002
  +9.99184166554924702019e-001+j2.85511446506992831729e-002
  +9.99255897639966361723e-001+j2.72680888899718976148e-002
  +9.99321326147285193819e-001+j2.60425278058116320412e-002
  +9.99381005126074195566e-001+j2.48719062251329357804e-002
  +9.99435439216761589698e-001+j2.37537797910238115962e-002
  +9.99485088867882676134e-001+j2.26858105132560598782e-002
  +9.99530374189055992318e-001+j2.16657624500433375336e-002
  +9.99571678470883684398e-001+j2.06914975239589384037e-002
  +9.99609351400087997597e-001+j1.97609714736744629393e-002
  +9.99643711995869654885e-001+j1.88722299421259891161e-002
  +9.99675051291326832725e-001+j1.80234047008310908911e-002
  +9.99703634781791694586e-001+j1.72127100093447393814e-002
  +9.99729704660114126824e-001+j1.64384391082344240298e-002
  +9.99753481857240888786e-001+j1.56989608434576488616e-002
  +9.99775167904889849879e-001+j1.49927164196222706405e-002
  +9.99794946635697345805e-001+j1.43182162792887830022e-002
  +9.99812985734909620561e-001+j1.36740371052231270838e-002
  +9.99829438156489391787e-001+j1.30588189423160062896e-002
  +9.99844443415407790887e-001+j1.24712624357445015649e-002
  +9.99858128766885512206e-001+j1.19101261818540579002e-002
  +9.99870610282418081916e-001+j1.13742241881778158308e-002
  +9.99881993831576498799e-001+j1.08624234389802284267e-002
  +9.99892375977798342213e-001+j1.03736415627075553164e-002
  +9.99901844795672012367e-001+j9.90684459774519854403e-003
  +9.99910480616571062384e-001+j9.46104485291678759529e-003
  +9.99918356708897726470e-001+j9.03529885921025913142e-003
  +9.99925539898653181758e-001+j8.62870540927753761073e-003
  +9.99932091135554923511e-001+j8.24040368132608960772e-003
  +9.99938066009466997031e-001+j7.86957144409958404829e-003
  +9.99943515221494494405e-001+j7.51542333972972289441e-003
  +9.99948485013712362601e-001+j7.17720924133057394667e-003
  +9.99953017561156287663e-001+j6.85421268229908196845e-003
  +9.99957151329381010996e-001+j6.54574935437987615039e-003
  +9.99960921400608659937e-001+j6.25116567164823652702e-003
  +9.99964359771219557516e-001+j5.96983739766083348899e-003
  +9.99967495623102942126e-001+j5.70116833312018633090e-003
  +9.99970355571159319474e-001+j5.44458906149348619702e-003
  +9.99972963889050103781e-001+j5.19955575012065289442e-003
  +9.99975342715102799573e-001+j4.96554900443895060047e-003
  +9.99977512240115773423e-001+j4.74207277304217623276e-003
  +9.99979490878651788854e-001+j4.52865330138110550734e-003
  +9.99981295425270921839e-001+j4.32483813199845742309e-003
  +9.99982941197026131697e-001+j4.13019514927580235625e-003
  +9.99984442163429299022e-001+j3.94431166675149238315e-003
  +9.99985811064986962471e-001+j3.76679355514825857723e-003
  +9.99987059521313392807e-001+j3.59726440932554153429e-003
  +9.99988198129733496522e-001+j3.43536475244607007393e-003
  +9.99989236555215099678e-001+j3.28075127571775607138e-003
  +9.99990183612390670653e-001+j3.13309611214110730892e-003
  +9.99991047340364147544e-001+j2.99208614275898229090e-003
</dep>
<dep _net0.v acfrequency>
  +1.00000000000000000000e+000
  +1.00000000000000000000e+000
  +1.00000000000000000000e+000
  +1.00000000000000000000e+000
  +1.00000000000000000000e+000
  +1.00000000000000000000e+000
  +1.00000000000000000000e+000
  +1.00000000000000000000e+000
  +1.00000000000000000000e+000
  +1.00000000000000000000e+000
  +1.00000000000000000000e+000
  +1.00000000000000000000e+000
  +1.00000000000000000000e+000
  +1.00000000000000000000e+000
  +1.00000000000000000000e+000
  +1.00000000000000000000e+000
  +1.00000000000000000000e+000
  +1.00000000000000000000e+000
  +1.00000000000000000000e+000
  +1.00000000000000000000e+000
  +1.00000000000000000000e+000
  +1.00000000000000000000e+000
  +1.00000000000000000000e+000
  +1.00000000000000000000e+000
  +1.00000000000000000000e+000
  +1.00000000000000000000e+000
  +1.00000000000000000000e+000
  +1.00000000000000000000e+000
  +1.00000000000000000000e+000
  +1.00000000000000000000e+000
  +1.00000000000000000000e+000
  +1.00000000000000000000e+000
  +1.00000000000000000000e+000
  +1.00000000000000000000e+000
  +1.00000000000000000000e+000
  +1.00000000000000000000e+000
  +1.00000000000000000000e+000
  +1.00000000000000000000e+000
  +1.00000000000000000000e+000
  +1.00000000000000000000e+000
  +1.00000000000000000000e+000
  +1.00000000000000000000e+000
  +1.00000000000000000000e+000
  +1.00000000000000000000e+000
  +1.00000000000000000000e+000
  +1.00000000000000000000e+000
  +1.00000000000000000000e+000
  +1.00000000000000000000e+000
  +1.00000000000000000000e+000
  +1.00000000000000000000e+000
  +1.00000000000000000000e+000
  +1.00000000000000000000e+000
  +1.00000000000000000000e+000
  +1.00000000000000000000e+000
  +1.00000000000000000000e+000
  +1.00000000000000000000e+000
  +1.00000000000000000000e+000
  +1.00000000000000000000e+000
  +1.00000000000000000000e+000
  +1.00000000000000000000e+000
  +1.00000000000000000000e+000
  +1.00000000000000000000e+000
  +1.00000000000000000000e+000
  +1.00000000000000000000e+000
  +1.00000000000000000000e+000
  +1.00000000000000000000e+000
  +1.00000000000000000000e+000
  +1.00000000000000000000e+000
  +1.00000000000000000000e+000
  +1.00000000000000000000e+000
  +1.00000000000000000000e+000
  +1.00000000000000000000e+000
  +1.00000000000000000000e+000
  +1.00000000000000000000e+000
  +1.00000000000000000000e+000
  +1.00000000000000000000e+000
  +1.00000000000000000000e+000
  +1.00000000000000000000e+000
  +1.00000000000000000000e+000
  +1.00000000000000000000e+000
  +1.00000000000000000000e+000
  +1.00000000000000000000e+000
  +1.00000000000000000000e+000
  +1.00000000000000000000e+000
  +1.00000000000000000000e+000
  +1.00000000000000000000e+000
  +1.00000000000000000000e+000
  +1.00000000000000000000e+000
  +1.00000000000000000000e+000
  +1.00000000000000000000e+000
  +1.00000000000000000000e+000
  +1.00000000000000000000e+000
  +1.00000000000000000000e+000
  +1.00000000000000000000e+000
  +1.00000000000000000000e+000
  +1.00000000000000000000e+000
  +1.00000000000000000000e+000
  +1.00000000000000000000e+000
  +1.00000000000000000000e+000
  +1.00000000000000000000e+000
  +1.00000000000000000000e+000
  +1.00000000000000000000e+000
  +1.00000000000000000000e+000
  +1.00000000000000000000e+000
  +1.00000000000000000000e+000
  +1.00000000000000000000e+000
  +1.00000000000000000000e+000
  +1.00000000000000000000e+000
  +1.00000000000000000000e+000
  +1.00000000000000000000e+000
  +1.00000000000000000000e+000
  +1.00000000000000000000e+000
  +1.00000000000000000000e+000
  +1.00000000000000000000e+000
  +1.00000000000000000000e+000
  +1.00000000000000000000e+000
  +1.00000000000000000000e+000
  +1.00000000000000000000e+000
  +1.00000000000000000000e+000
  +1.00000000000000000000e+000
  +1.00000000000000000000e+000
  +1.00000000000000000000e+000
  +1.00000000000000000000e+000
  +1.00000000000000000000e+000
  +1.00000000000000000000e+000
  +1.00000000000000000000e+000
  +1.00000000000000000000e+000
  +1.00000000000000000000e+000
  +1.00000000000000000000e+000
  +1.00000000000000000000e+000
  +1.00000000000000000000e+000
  +1.00000000000000000000e+000
  +1.00000000000000000000e+000
  +1.00000000000000000000e+000
  +1.00000000000000000000e+000
  +1.00000000000000000000e+000
  +1.00000000000000000000e+000
  +1.00000000000000000000e+000
  +1.00000000000000000000e+000
  +1.00000000000000000000e+000
  +1.00000000000000000000e+000
  +1.00000000000000000000e+000
  +1.00000000000000000000e+000
  +1.00000000000000000000e+000
  +1.00000000000000000000e+000
  +1.00000000000000000000e+000
  +1.00000000000000000000e+000
  +1.00000000000000000000e+000
  +1.00000000000000000000e+000
  +1.00000000000000000000e+000
  +1.00000000000000000000e+000
  +1.00000000000000000000e+000
  +1.00000000000000000000e+000
  +1.00000000000000000000e+000
  +1.00000000000000000000e+000
  +1.00000000000000000000e+000
  +1.00000000000000000000e+000
  +1.00000000000000000000e+000
  +1.00000000000000000000e+000
  +1.00000000000000000000e+000
  +1.00000000000000000000e+000
  +1.00000000000000000000e+000
  +1.00000000000000000000e+000
  +1.00000000000000000000e+000
  +1.00000000000000000000e+000
  +1.00000000000000000000e+000
  +1.00000000000000000000e+000
  +1.00000000000000000000e+000
  +1.00000000000000000000e+000
  +1.00000000000000000000e+000
  +1.00000000000000000000e+000
  +1.00000000000000000000e+000
  +1.00000000000000000000e+000
  +1.00000000000000000000e+000
  +1.00000000000000000000e+000
  +1.00000000000000000000e+000
  +1.00000000000000000000e+000
  +1.00000000000000000000e+000
  +1.00000000000000000000e+000
  +1.00000000000000000000e+000
  +1.00000000000000000000e+000
  +1.00000000000000000000e+000
  +1.00000000000000000000e+000
  +1.00000000000000000000e+000
  +1.00000000000000000000e+000
  +1.00000000000000000000e+000
  +1.00000000000000000000e+000
  +1.00000000000000000000e+000
  +1.00000000000000000000e+000
  +1.00000000000000000000e+000
  +1.00000000000000000000e+000
  +1.00000000000000000000e+000
  +1.00000000000000000000e+000
  +1.00000000000000000000e+000
  +1.00000000000000000000e+000
  +1.00000000000000000000e+000
  +1.00000000000000000000e+000
  +1.00000000000000000000e+000
  +1.00000000000000000000e+000
  +1.00000000000000000000e+000
  +1.00000000000000000000e+000
  +1.00000000000000000000e+000
  +1.00000000000000000000e+000
  +1.00000000000000000000e+000
  +1.00000000000000000000e+000
  +1.00000000000000000000e+000
  +1.00000000000000000000e+000
  +1.00000000000000000000e+000
  +1.00000000000000000000e+000
  +1.00000000000000000000e+000
  +1.00000000000000000000e+000
  +1.00000000000000000000e+000
  +1.00000000000000000000e+000
  +1.00000000000000000000e+000
  +1.00000000000000000000e+000
  +1.00000000000000000000e+000
  +1.00000000000000000000e+000
  +1.00000000000000000000e+000
  +1.00000000000000000000e+000
  +1.00000000000000000000e+000
  +1.00000000000000000000e+000
  +1.00000000000000000000e+000
  +1.00000000000000000000e+000
  +1.00000000000000000000e+000
  +1.00000000000000000000e+000
  +1.00000000000000000000e+000
  +1.00000000000000000000e+000
  +1.00000000000000000000e+000
  +1.00000000000000000000e+000
  +1.00000000000000000000e+000
  +1.00000000000000000000e+000
  +1.00000000000000000000e+000
  +1.00000000000000000000e+000
  +1.00000000000000000000e+000
  +1.00000000000000000000e+000
  +1.00000000000000000000e+000
  +1.00000000000000000000e+000
  +1.00000000000000000000e+000
  +1.00000000000000000000e+000
  +1.00000000000000000000e+000
  +1.00000000000000000000e+000
  +1.00000000000000000000e+000
  +1.00000000000000000000e+000
  +1.00000000000000000000e+000
  +1.00000000000000000000e+000
  +1.00000000000000000000e+000
  +1.00000000000000000000e+000
  +1.00000000000000000000e+000
  +1.00000000000000000000e+000
  +1.00000000000000000000e+000
  +1.00000000000000000000e+000
</dep>
